all_latencies
1.259000000000001620e+02
1.169000000000001620e+02
1.196000000000001933e+02
1.170000000000001705e+02
1.178000000000001819e+02
1.220000000000001705e+02
1.148000000000001819e+02
1.173000000000001961e+02
1.158000000000002103e+02
1.191000000000002075e+02
1.189000000000001762e+02
1.170000000000001705e+02
1.171000000000001933e+02
1.170000000000001705e+02
1.186000000000001791e+02
1.190000000000001990e+02
1.164000000000001762e+02
1.203000000000001819e+02
1.159000000000002046e+02
1.173000000000001961e+02
1.149000000000001762e+02
1.183000000000001819e+02
1.161000000000001933e+02
1.172000000000001876e+02
1.163000000000001819e+02
1.208000000000001677e+02
1.161000000000001933e+02
1.198000000000001819e+02
1.156000000000001648e+02
1.153000000000001819e+02
1.172000000000001876e+02
1.170000000000002132e+02
1.199000000000001762e+02
1.170000000000001847e+02
1.131000000000002075e+02
1.161000000000001933e+02
1.171000000000002075e+02
1.215000000000001705e+02
1.179000000000002046e+02
1.184000000000001904e+02
1.142000000000001876e+02
1.190000000000001705e+02
1.194000000000002046e+02
1.195000000000001847e+02
1.175000000000001563e+02
1.195000000000001990e+02
1.156000000000001791e+02
1.181000000000001933e+02
1.180000000000001705e+02
1.219000000000001904e+02
1.153000000000001961e+02
1.172000000000001734e+02
1.195000000000001705e+02
1.207000000000001592e+02
1.189000000000001762e+02
1.198000000000001819e+02
1.190000000000001847e+02
1.202000000000001876e+02
1.204000000000002046e+02
1.188000000000001961e+02
1.196000000000001648e+02
1.192000000000001592e+02
1.189000000000001904e+02
1.189000000000001762e+02
1.209000000000001762e+02
1.190000000000001847e+02
1.198000000000001819e+02
1.198000000000001819e+02
1.203000000000001819e+02
1.159000000000001904e+02
1.226000000000001791e+02
1.183000000000001819e+02
1.191000000000001791e+02
1.182000000000001734e+02
1.143000000000002103e+02
1.170000000000002132e+02
1.175000000000001847e+02
1.163000000000001961e+02
1.197000000000001592e+02
1.173000000000001819e+02
1.198000000000001677e+02
1.204000000000001904e+02
1.230000000000001705e+02
1.152000000000002160e+02
1.196000000000001791e+02
1.216000000000001648e+02
1.216000000000001791e+02
1.142000000000001876e+02
1.198000000000001677e+02
1.182000000000001734e+02
1.168000000000001819e+02
1.161000000000001506e+02
1.168000000000002103e+02
1.211000000000001791e+02
1.187000000000001734e+02
1.198000000000001819e+02
1.223000000000001819e+02
1.199000000000001904e+02
1.208000000000001819e+02
1.198000000000001819e+02
1.171000000000001933e+02
1.189000000000001904e+02
1.188000000000001677e+02
1.215000000000001847e+02
1.197000000000002160e+02
1.162000000000001876e+02
1.216000000000001648e+02
1.175000000000001847e+02
1.180000000000001847e+02
1.225000000000001705e+02
1.197000000000001876e+02
1.200000000000001990e+02
1.156000000000002075e+02
1.199000000000001762e+02
1.224000000000001762e+02
1.170000000000001705e+02
1.190000000000001847e+02
1.192000000000001734e+02
1.170000000000001990e+02
1.202000000000001876e+02
1.170000000000001990e+02
1.220000000000001705e+02
1.177000000000001734e+02
1.226000000000001648e+02
1.183000000000001961e+02
1.197000000000001876e+02
1.172000000000001592e+02
1.194000000000001762e+02
1.187000000000001734e+02
1.212000000000002018e+02
1.185000000000001705e+02
1.185000000000001847e+02
1.154000000000001904e+02
1.204000000000001762e+02
1.172000000000001876e+02
1.183000000000002103e+02
1.165000000000001847e+02
1.168000000000001535e+02
1.193000000000001819e+02
1.149000000000001762e+02
1.187000000000002018e+02
1.170000000000001705e+02
1.195000000000001705e+02
1.157000000000001876e+02
1.161000000000001791e+02
1.221000000000001648e+02
1.162000000000001876e+02
1.205000000000001847e+02
1.181000000000002075e+02
1.129000000000001762e+02
1.189000000000002046e+02
1.182000000000001876e+02
1.202000000000001592e+02
1.187000000000001876e+02
1.193000000000001819e+02
1.186000000000001933e+02
1.163000000000002103e+02
1.176000000000001648e+02
1.145000000000001847e+02
1.184000000000001904e+02
1.157000000000001734e+02
1.159000000000002046e+02
1.150000000000001990e+02
1.202000000000001734e+02
1.214000000000001620e+02
1.213000000000001677e+02
1.176000000000001933e+02
1.160000000000001705e+02
1.207000000000001734e+02
1.212000000000001734e+02
1.204000000000001762e+02
1.213000000000001677e+02
1.197000000000001876e+02
1.176000000000001933e+02
1.195000000000001705e+02
1.200000000000001847e+02
1.189000000000001762e+02
1.163000000000001819e+02
1.193000000000001819e+02
1.186000000000001506e+02
1.200000000000001705e+02
1.166000000000002217e+02
1.227000000000001450e+02
1.193000000000001677e+02
1.179000000000002046e+02
1.189000000000001478e+02
1.193000000000001819e+02
1.196000000000001933e+02
1.156000000000002075e+02
1.202000000000001734e+02
1.233000000000001961e+02
1.140000000000002132e+02
1.185000000000001990e+02
1.222000000000001876e+02
1.154000000000002046e+02
1.196000000000001791e+02
1.202000000000001876e+02
1.193000000000001819e+02
1.147000000000001734e+02
1.167000000000001876e+02
1.172000000000001734e+02
1.191000000000001791e+02
1.197000000000001876e+02
1.186000000000001648e+02
1.235000000000001705e+02
1.180000000000001847e+02
1.215000000000001847e+02
1.163000000000001961e+02
1.215000000000001705e+02
1.232000000000001876e+02
1.215000000000001847e+02
1.162000000000002160e+02
1.182000000000001876e+02
1.171000000000002075e+02
1.205000000000001705e+02
1.182000000000002018e+02
1.209000000000001762e+02
1.181000000000001791e+02
1.186000000000001933e+02
1.177000000000001876e+02
1.196000000000001791e+02
1.181000000000001933e+02
1.218000000000001535e+02
1.188000000000001819e+02
1.208000000000001677e+02
1.214000000000001620e+02
1.163000000000001961e+02
1.225000000000001563e+02
1.179000000000001904e+02
1.224000000000001904e+02
1.195000000000001705e+02
1.185000000000001990e+02
1.207000000000001734e+02
1.195000000000001705e+02
1.221000000000001648e+02
1.204000000000001620e+02
1.181000000000001506e+02
1.181000000000001791e+02
1.196000000000001648e+02
1.193000000000001819e+02
1.180000000000001990e+02
1.181000000000002075e+02
1.211000000000001791e+02
1.166000000000001933e+02
1.156000000000002075e+02
1.198000000000001819e+02
1.211000000000001791e+02
1.200000000000001847e+02
1.180000000000001990e+02
1.212000000000001592e+02
1.160000000000001847e+02
1.213000000000001535e+02
1.200000000000001990e+02
1.190000000000001705e+02
1.172000000000001734e+02
1.200000000000001563e+02
1.194000000000001762e+02
1.190000000000001705e+02
1.216000000000001648e+02
1.187000000000001876e+02
1.170000000000001847e+02
1.178000000000001961e+02
1.155000000000001705e+02
1.227000000000001734e+02
1.222000000000001592e+02
1.147000000000001876e+02
1.194000000000001904e+02
