explained_var
3.906209016193237238e-01
8.470594894861380730e-01
8.855264308452552857e-01
9.136775165192838610e-01
9.178327979286086125e-01
9.055978939194602173e-01
8.970388618795718250e-01
8.981090711549890582e-01
8.991632690258886118e-01
8.617565837929155315e-01
8.847438056647348725e-01
8.733260997904797041e-01
9.092725396907308522e-01
9.372323416486194603e-01
9.334498545697198502e-01
9.348356969727854571e-01
9.181158142393026633e-01
9.188229873630218147e-01
9.080591212988591288e-01
8.590401873657145249e-01
9.127440052230209044e-01
9.132418745362517187e-01
8.566023801847346686e-01
9.216151915559815944e-01
9.299193699749418451e-01
9.456118609776084094e-01
9.337717635835690588e-01
8.935379671920828937e-01
9.109504525742369019e-01
9.266956005004027830e-01
9.355896112569357381e-01
9.412840442957033371e-01
9.365356475713617623e-01
9.035471213173001948e-01
9.104108725916989497e-01
9.487268232648066180e-01
9.156033535705783155e-01
8.986761824162649015e-01
8.868344640472566320e-01
9.430818456131122574e-01
9.389603965821281539e-01
9.119500415341769139e-01
9.153885281367803994e-01
9.115635373903661076e-01
9.353814945982978912e-01
9.183970778560993642e-01
9.289184332436766223e-01
9.381014611529376879e-01
9.327916731541849860e-01
9.237148371355200505e-01
9.335736612688967373e-01
9.025395155194605445e-01
9.192082710455010686e-01
9.016400064485292631e-01
9.416478357434394653e-01
9.215296515199572491e-01
9.144649774246278451e-01
9.372168827851852235e-01
9.563304335597331285e-01
9.519391482498192891e-01
8.895553541691683108e-01
9.084070642115168459e-01
9.339489928466995217e-01
9.429287173592304505e-01
9.438439657469929189e-01
9.470840094939066978e-01
8.817551776230850846e-01
9.400118864105331262e-01
9.311556303981521898e-01
9.000288459368704919e-01
9.269559916785031772e-01
9.342937846449839157e-01
9.128571130874196804e-01
9.452181419543734808e-01
9.425649551935723069e-01
9.258752880222554937e-01
9.564255942384438658e-01
9.253774086556321166e-01
9.161279957517060035e-01
9.325384203442502740e-01
9.417973623292138496e-01
9.251030823517013557e-01
9.276147526454090464e-01
9.306043650114722565e-01
9.232170867707143458e-01
9.429117935304207609e-01
9.075853376566404007e-01
9.058526462987874783e-01
8.881244232250466997e-01
9.172916409076349309e-01
9.430102061173817329e-01
9.406950418508309708e-01
9.697119154281397257e-01
9.152742991973117359e-01
9.470177012791003435e-01
9.236909184500314840e-01
9.308216370826007946e-01
9.188395336361178112e-01
9.390868638221128162e-01
9.208552670284514408e-01
8.893355374288484105e-01
8.764759287628318685e-01
8.965342413990988746e-01
9.186924469320427722e-01
9.145200221679861130e-01
9.388002899625385034e-01
9.408945338763948785e-01
9.322074278633131206e-01
9.243487029242639652e-01
9.200638396926819063e-01
9.348512534048014633e-01
9.210443277446520582e-01
9.511974194877836908e-01
9.551051283264772040e-01
9.485097012899815772e-01
9.346051155770286334e-01
9.523697802055418604e-01
9.231004047640382071e-01
9.356417785208851479e-01
9.430040307739543382e-01
9.526633936568189576e-01
9.554399957250835351e-01
9.437418088261497751e-01
9.074237125654048830e-01
9.405459621815902560e-01
9.001354526827887170e-01
8.955867480801106284e-01
9.262586702769036728e-01
9.316475498306322489e-01
9.444368289816084117e-01
9.491672536589024212e-01
9.252367426999168476e-01
9.516420279252278958e-01
9.557836535077894879e-01
9.545873036331578021e-01
9.214403567999620570e-01
9.434516366687052402e-01
9.617642251797324793e-01
9.283635499288384052e-01
9.349672600744050044e-01
9.265224134251051069e-01
9.435745382598706987e-01
9.354536097991971166e-01
9.373044990439471924e-01
9.439512940001943964e-01
9.446864126641503212e-01
9.136040580038309322e-01
9.395056667883024959e-01
9.566806657571756967e-01
9.610225073933620354e-01
9.141421443101035438e-01
9.255095593637584495e-01
9.422913754852026980e-01
9.301078209150573928e-01
8.980672410964957164e-01
9.191847989706978250e-01
9.593424868373553460e-01
9.680721248296708659e-01
9.466999181783763984e-01
9.277773847241432836e-01
9.348388234932002439e-01
9.296875511178779306e-01
9.553315968955309323e-01
9.667654759498138795e-01
9.370047850823790547e-01
9.468157818530392733e-01
9.464773276663820401e-01
9.330403602179254685e-01
9.366593222327751489e-01
9.193426021518993352e-01
9.319639228316500823e-01
9.027196789586534598e-01
9.509426588855535156e-01
9.154658883938913139e-01
9.244265149528408942e-01
9.274991112655459613e-01
9.257085502935470389e-01
9.101647124975104086e-01
9.360404547523870633e-01
9.419279114167377065e-01
9.690366380291363102e-01
9.545465273103937998e-01
9.685610376434143909e-01
9.342099589921164515e-01
8.458195321451572601e-01
9.121206613736630997e-01
9.336901587927614043e-01
9.256982274991742976e-01
9.245012865444218741e-01
9.553916067890224628e-01
9.571129569900366230e-01
9.724022211585248154e-01
9.613723064105679228e-01
9.717774828446555935e-01
9.646407754780549348e-01
9.544915033416744299e-01
9.642768738331720657e-01
9.620555767415843729e-01
9.298862185876511921e-01
9.425182378472358735e-01
9.317808102681871540e-01
9.525841568404526116e-01
9.360055927235659823e-01
9.668278768010163393e-01
9.347817177886823536e-01
9.526726514994857675e-01
9.635055153746225898e-01
9.432726497252877929e-01
9.591524911276497756e-01
9.470195147712672235e-01
9.344288268841232092e-01
9.659565067750266465e-01
9.506193308458684710e-01
9.355150008879881129e-01
9.619635358820257665e-01
9.457730854267653031e-01
9.653463583014345595e-01
9.313304614093513845e-01
9.573431030085196580e-01
9.246988849782031838e-01
9.409354276722068366e-01
9.381135524035426609e-01
9.444501503791055130e-01
9.628836286473589912e-01
9.418975283249532149e-01
9.335638329094513299e-01
9.445280566937557243e-01
9.480220434024406728e-01
9.604920995343356749e-01
9.518049454239465579e-01
9.601975283563668473e-01
9.453186604113711367e-01
9.500069198076129817e-01
9.629795877167348639e-01
9.684881749492176839e-01
9.635436354263352543e-01
9.522786077638892843e-01
9.662914984375251537e-01
9.591504159830389620e-01
9.521295325009336841e-01
9.427038408105103962e-01
9.202700448101985842e-01
9.604699807241923182e-01
9.304021413065255430e-01
9.529987637305978865e-01
9.556951836885210216e-01
9.650589071279782605e-01
9.594719881026668729e-01
9.613259085166888651e-01
9.742356570596105714e-01
9.397911887511699591e-01
9.568994857363418705e-01
9.599806931272066857e-01
9.664823093071774895e-01
9.555569696095922438e-01
9.496494542045954557e-01
9.750666792561309970e-01
9.642122701843841570e-01
9.437554079017718145e-01
9.483097076729936070e-01
9.633211338569127591e-01
9.573133419049705273e-01
9.452720680425806821e-01
9.514087231650611987e-01
9.490599199919005358e-01
9.559755698950889169e-01
9.629338301567772485e-01
9.553899888916902450e-01
9.469877574333380732e-01
9.464235956990886267e-01
8.514479627099522663e-01
8.684259052436474891e-01
9.079218876416083051e-01
9.321660073444626438e-01
9.424433253688407897e-01
9.516469896070800516e-01
9.438197830150383272e-01
9.365086548673444700e-01
9.065161687610348018e-01
9.788436621044548369e-01
9.566138020552787946e-01
9.643561807290904619e-01
9.509081188569241672e-01
9.492763518852174176e-01
9.131283722471065234e-01
9.712735818076714267e-01
9.587523679967269175e-01
9.746336076129392678e-01
9.694606151228345459e-01
9.694247115015683924e-01
9.550488916423938157e-01
9.626015853773152164e-01
9.560976607710161002e-01
9.751534225495536168e-01
9.602612103604502014e-01
9.565784707677382759e-01
9.531970332226478160e-01
9.327130499945971431e-01
9.601551400192777086e-01
9.549110813825737454e-01
9.417865507064779873e-01
9.241082837116864068e-01
9.634551260431054587e-01
9.517515218609735594e-01
9.656542981778990509e-01
9.675486853487478278e-01
9.366892064579867005e-01
9.444841121549443219e-01
9.343057946560829885e-01
9.489184421825360705e-01
9.732956549371358790e-01
9.754955643412416277e-01
9.592825169527650075e-01
9.540063945060542894e-01
9.679946024420655881e-01
9.484234057649563177e-01
9.686575792917249128e-01
9.540684741218039555e-01
9.524964894808826132e-01
9.566420799579730128e-01
9.486326617191209731e-01
9.382757181789903589e-01
9.525532221636512364e-01
9.357018006874613381e-01
9.649948910212498010e-01
9.505392219213792959e-01
9.537969001287736059e-01
9.547109191849476595e-01
9.520636849270822655e-01
9.506281523193630401e-01
9.488188270616547682e-01
9.485509521713595404e-01
9.514016148732591382e-01
9.689365231494633246e-01
9.607494989016848175e-01
9.682213582694232379e-01
9.513268379800637886e-01
9.266666723319150201e-01
9.525752058844833003e-01
9.680164666990058731e-01
9.709627155961700895e-01
9.673574449150842414e-01
9.713848150594446285e-01
9.595161893807040432e-01
9.683282600881034652e-01
9.569055190991361259e-01
9.570721697283155471e-01
9.633622802606871538e-01
9.581068425562453417e-01
9.478513431610338102e-01
9.484275346014354735e-01
9.558040904403557469e-01
9.748293701448229598e-01
9.520024266731847984e-01
9.631798078575571909e-01
9.450225456726039086e-01
9.633784329543160219e-01
8.740233963929693317e-01
9.364543239011219322e-01
9.385436295034160770e-01
9.499596732736539373e-01
9.405737746305966596e-01
9.578596911901836597e-01
9.335141653939358353e-01
9.532517693308624196e-01
9.424175306228398385e-01
9.249144194923367701e-01
9.208305659138354970e-01
9.434082898302414977e-01
9.510469708724352822e-01
9.440184512994482802e-01
9.204162974713088197e-01
9.440730291396747242e-01
9.688488790659286476e-01
9.550977800879209001e-01
9.637623435723786658e-01
9.713722204193091514e-01
9.491215161116980381e-01
9.593314140235342791e-01
9.633833597142984484e-01
9.542704669478511148e-01
9.633400994850332966e-01
9.662858007801138349e-01
9.505072757495848235e-01
9.644382777107466387e-01
9.733565797255648855e-01
9.499172029161092601e-01
9.412052982442155047e-01
9.587471112641831050e-01
9.626600436599894728e-01
9.403384554272248286e-01
9.305349905508508712e-01
9.318897105098902234e-01
9.462993779076385170e-01
9.585151100153690429e-01
9.621147575805651941e-01
9.451979856376420130e-01
9.672417495635461382e-01
9.489498301366370292e-01
8.985913410839465598e-01
9.758557192789275581e-01
9.577716482341429582e-01
9.419135540356698977e-01
9.271020973823946854e-01
9.249794517978811026e-01
9.748996769263869044e-01
9.642820983513705757e-01
9.684912816602098129e-01
9.667136884378929595e-01
9.368326176900345637e-01
9.332313215000692663e-01
9.311096837262591297e-01
9.176960081511312817e-01
9.451911253707179217e-01
9.336355022273743476e-01
9.431685152482754964e-01
9.485282308902928117e-01
9.383790458221901165e-01
9.431704051469443906e-01
9.478972686000733949e-01
9.445742670833457977e-01
9.228108657902371892e-01
9.563199992141901973e-01
9.476409160818025645e-01
9.327265777259232671e-01
9.544780774415073665e-01
9.601012547081052562e-01
9.673417567021878050e-01
9.746108962865771552e-01
9.337052973399009304e-01
9.496231183598142778e-01
9.371490568331091175e-01
9.421538017223243244e-01
9.367410650155975071e-01
9.628754569165184352e-01
9.703104464280432051e-01
9.712103937715811375e-01
9.630903597227254975e-01
9.410213728664291732e-01
9.409330182369000095e-01
9.485607176279804431e-01
9.468102086075230739e-01
9.640996277619821031e-01
9.465709558620880593e-01
9.538774221787117424e-01
9.580122077377282164e-01
9.637424740183579974e-01
9.536625737599312425e-01
9.442139960110779162e-01
9.442304609626991363e-01
9.338988020254570532e-01
9.102669993619196820e-01
9.258236826028483080e-01
8.620325974149347648e-01
9.318095350463719839e-01
9.264223421449687690e-01
9.217763755665274727e-01
9.351986330930812663e-01
9.369121838288556603e-01
9.140605590376689182e-01
9.263548612337191290e-01
9.021296131036435906e-01
9.359514413205023420e-01
9.091748287055978484e-01
9.547468374858745221e-01
9.403054513799362635e-01
9.412291652365859518e-01
9.507591913416726381e-01
9.481069924518022995e-01
9.520737701829717903e-01
9.362470789104513358e-01
9.497186425730315129e-01
9.613411091361970806e-01
9.607631206564368753e-01
8.687941745169233121e-01
8.878136309130020276e-01
9.312991348792207802e-01
8.758818313010842127e-01
9.310912928774537356e-01
8.677279978544536476e-01
9.319246216147816231e-01
9.374553546272382798e-01
9.160603119171111253e-01
8.771402406907060634e-01
8.412773907619854885e-01
8.170538325399470114e-01
9.465576226195632215e-01
9.304175092094035815e-01
9.081515560556350231e-01
9.424962665693146224e-01
9.412459458005059121e-01
9.481443069036270543e-01
9.468159756712062336e-01
9.515231505970167536e-01
9.261220496146995718e-01
9.447668662633837977e-01
9.520487368803955963e-01
9.482834170957363806e-01
9.572598482769959505e-01
9.250562020303189081e-01
9.141559118700612885e-01
9.396198361395886600e-01
9.331076176514523368e-01
9.527444964257066884e-01
9.427510062436534888e-01
9.591441887893490392e-01
9.436733800741472500e-01
9.549389756515197503e-01
9.588552645848348321e-01
9.590162424618018377e-01
9.287860835944806714e-01
9.317543907532391811e-01
9.576359122211661745e-01
9.124791512983965180e-01
9.024451161109756647e-01
9.319656333908579171e-01
9.543565669096423232e-01
9.493784265239086917e-01
9.588370417051378380e-01
9.310571540292011949e-01
9.478715523807023091e-01
9.099351936644721750e-01
9.220986148345211575e-01
9.695528364927474829e-01
9.549808034028505199e-01
9.257516249185451240e-01
9.695990213402606583e-01
9.615902656627701717e-01
9.488027408461938705e-01
9.584005041856503704e-01
9.699529861158592281e-01
9.323267463383775322e-01
9.499265483628765994e-01
9.467973251805595902e-01
9.453331459494084266e-01
9.638784315705614114e-01
9.517989920956299033e-01
9.389486785890280851e-01
9.412003489796255673e-01
8.902830390631052415e-01
9.396289946068865362e-01
9.250509955300219023e-01
9.355517846185624764e-01
9.185297796104855417e-01
9.157369172033826832e-01
9.450640610133868025e-01
9.187913502261059184e-01
9.419669186982159159e-01
9.657998805704998135e-01
9.367694474446238706e-01
9.693512124405829766e-01
9.587350703387231832e-01
9.662971204935868474e-01
9.595395522613162642e-01
9.645669615743488468e-01
9.220325616036220140e-01
9.295653990577598114e-01
9.567379423122839288e-01
9.629569907240748128e-01
9.634679727595647503e-01
9.689847336249129972e-01
9.525038889414076948e-01
9.575419802583821083e-01
9.660690227313102341e-01
9.238738934381580670e-01
8.904283592625940047e-01
9.226707506174423035e-01
8.793272028410517027e-01
9.138399160670176435e-01
9.492531430574521201e-01
8.971516665323953088e-01
9.446048488998579629e-01
9.282625588742994260e-01
8.909203704001908974e-01
9.378211901827974151e-01
9.353259903651515161e-01
9.564062925150201844e-01
9.519162200883867220e-01
9.721300861721280384e-01
9.570502641791772680e-01
9.591085535251451244e-01
9.474210490572287924e-01
9.634585260225349002e-01
9.663845659046724768e-01
9.688842944076266894e-01
9.216222041400679021e-01
9.470084245348662222e-01
9.398492677057547207e-01
9.533547324026070413e-01
9.610269840683297593e-01
9.639332027585707507e-01
9.367383100253630079e-01
9.554631110811666606e-01
9.552812427108471338e-01
9.197282964104638303e-01
9.664418846242213146e-01
9.395638157329493367e-01
9.251805189227535475e-01
9.665010992821406743e-01
9.479292905522233026e-01
9.532043234611761173e-01
9.533187789182147043e-01
9.583934929167499117e-01
9.295473348995383356e-01
9.430200881530632628e-01
9.449680167522895857e-01
9.478078708927030194e-01
9.472659640911433865e-01
9.470289937600763208e-01
9.587325111258175880e-01
9.423920619755903338e-01
9.708538420639009070e-01
9.509778357764501200e-01
9.529123991323242837e-01
9.613858357217998085e-01
9.619028793031065838e-01
9.690099505501843513e-01
9.338700463287840092e-01
9.412319339233415905e-01
9.693087842368169893e-01
9.677140044999359425e-01
9.486335217109291840e-01
9.518869895265106296e-01
9.492685802339865253e-01
9.531332601764043178e-01
9.633112689695914055e-01
9.658251776312343218e-01
9.703958506817019769e-01
9.595839823918370648e-01
9.609677583549346425e-01
9.638201122971780110e-01
9.693294309184377067e-01
9.655313486996238703e-01
9.632219288075052344e-01
9.593030354235984047e-01
9.709798774336283467e-01
9.650966442113384502e-01
9.310544997219685204e-01
9.379750363017114179e-01
9.220404163049339408e-01
9.309072495561835359e-01
9.343214397296919493e-01
9.583910753602720156e-01
9.296769752422986421e-01
9.498041135815508129e-01
9.476641822383525815e-01
9.633837084255398864e-01
9.654128444238649909e-01
9.404298382378856180e-01
9.465248497056693022e-01
9.443542033616598719e-01
9.411633753096981803e-01
9.464048089664307550e-01
9.606890077137850703e-01
9.561255382655635682e-01
9.385941255788881055e-01
9.754474410156571684e-01
9.473145551100610184e-01
9.571920975573171564e-01
9.541517157510032154e-01
9.645904148602809647e-01
9.509215111571061030e-01
9.631149991840571856e-01
9.423455265240845424e-01
9.618460282153344920e-01
9.160843756370703472e-01
9.607591782823030613e-01
9.655082261403750143e-01
9.728176021264157702e-01
9.298750568817142348e-01
9.476507468245762844e-01
9.534678267495353410e-01
9.354741545581737316e-01
9.341690108641291790e-01
9.438280237058308542e-01
9.577572208285167754e-01
9.475448759767477469e-01
9.492569423157440900e-01
9.458801664463452052e-01
9.524190901467946002e-01
9.497593354495741380e-01
9.668103221615067522e-01
9.756072052551932883e-01
9.546639692924490106e-01
9.586252389332650115e-01
9.457977931238293889e-01
9.447215246366786889e-01
9.321669044009606164e-01
9.593309427437922698e-01
9.254660782143500075e-01
9.328478381551967846e-01
9.450271349401484500e-01
9.546938385711537522e-01
8.738012051179645523e-01
9.229236230895402349e-01
9.435470500770104518e-01
9.612196760322407885e-01
9.769989397358905814e-01
9.753733789743542770e-01
9.457930752041793232e-01
9.747392408692132637e-01
9.598318893557593601e-01
9.606949053378873726e-01
9.768564991571526690e-01
9.671495859309862109e-01
9.206736592821244125e-01
9.562453172781550936e-01
9.501725483767767821e-01
9.024012195181144724e-01
9.538714614453934759e-01
9.411183006559219466e-01
9.454902053968922138e-01
9.634216349501582011e-01
9.552981943278202603e-01
8.885250389605848786e-01
9.240871644594795820e-01
9.441800886540250293e-01
9.649049968143382783e-01
9.539259363719347906e-01
9.518385069195497428e-01
9.628637895217124765e-01
9.535846565544445763e-01
9.515711257950660862e-01
9.366472696391350272e-01
9.350541097447662153e-01
9.474028516363199870e-01
9.634962832958133827e-01
9.761399513518238535e-01
9.676095048595076964e-01
9.190832759731170087e-01
9.285685671051479018e-01
9.369733068952676991e-01
9.358338647520092479e-01
9.428683029976693275e-01
9.470961755326159359e-01
9.603049808585703007e-01
9.676142661441221593e-01
9.558548359237230008e-01
9.507466720640785907e-01
9.613230121697226016e-01
9.678794102594242554e-01
9.496589633372679584e-01
9.580506713378725836e-01
9.581065567694001528e-01
9.517023611005233086e-01
9.615330797828286480e-01
9.651271961365347485e-01
9.731428297545845485e-01
9.760432443696770433e-01
9.686885436517859160e-01
8.955771125181953840e-01
9.372508319693658718e-01
9.584376182095957208e-01
9.658292996683205400e-01
9.732611599176153039e-01
9.549876084102069118e-01
9.634764507022884894e-01
9.688625373771182492e-01
9.511382414238799266e-01
9.625705386924341411e-01
9.587289857446825714e-01
9.633694121372625707e-01
9.498961627376796280e-01
9.418701793931238964e-01
9.595809966059908325e-01
9.395196349714542983e-01
9.577804922659655107e-01
9.622892307450586769e-01
9.460947470033982398e-01
9.622952126658447236e-01
9.540702322888919840e-01
9.597623494660528776e-01
9.656515714239045645e-01
9.491128722284587482e-01
9.342430982434856146e-01
9.629445596621093451e-01
9.632399249190529700e-01
9.709345073645352375e-01
9.702849058389795278e-01
9.646073087999564866e-01
9.604233282514802461e-01
9.559962407538481477e-01
9.680710362375837263e-01
9.742897485106928324e-01
9.552168200905241102e-01
9.673059781001935864e-01
9.576818352147986602e-01
9.513163681790006709e-01
9.594123549035299403e-01
9.521652422818229766e-01
9.509264864005754214e-01
9.603449172764959574e-01
9.583007587702834229e-01
9.480455183454206125e-01
9.631021866887488070e-01
8.833248108662616893e-01
9.093125756855664488e-01
9.393294371069269566e-01
9.141888485614371174e-01
9.454830830052823876e-01
