kl
4.074237346649169922e-01
2.523061037063598633e-01
1.415680199861526489e-01
3.452429175376892090e-01
1.576264202594757080e-01
1.875652670860290527e-01
1.601451337337493896e-01
1.649840176105499268e-01
1.534344255924224854e-01
1.651716083288192749e-01
1.364531517028808594e-01
1.412407755851745605e-01
1.792331933975219727e-01
1.476473212242126465e-01
1.130894571542739868e-01
8.013343811035156250e-02
1.299744546413421631e-01
7.315536588430404663e-02
1.613969504833221436e-01
8.781152963638305664e-02
9.413622319698333740e-02
1.149762421846389771e-01
1.046866625547409058e-01
1.130334883928298950e-01
1.167201846837997437e-01
1.210825443267822266e-01
8.945534378290176392e-02
7.448172569274902344e-02
1.215995699167251587e-01
6.412273645401000977e-02
1.105995029211044312e-01
6.967379152774810791e-02
8.396581560373306274e-02
1.252947002649307251e-01
6.839711964130401611e-02
8.609633892774581909e-02
1.200344711542129517e-01
1.081659793853759766e-01
9.039027988910675049e-02
1.300810277462005615e-01
7.668294757604598999e-02
8.193105459213256836e-02
6.474611163139343262e-02
9.733755886554718018e-02
7.922935485839843750e-02
7.136125862598419189e-02
8.514595031738281250e-02
6.246002390980720520e-02
7.649813592433929443e-02
5.165396630764007568e-02
8.595894277095794678e-02
8.522999286651611328e-02
8.598993718624114990e-02
7.558235526084899902e-02
9.546833485364913940e-02
9.331266582012176514e-02
1.008941754698753357e-01
1.491508483886718750e-01
6.255467236042022705e-02
4.658040404319763184e-02
6.621789187192916870e-02
8.757622539997100830e-02
5.354566872119903564e-02
5.101112648844718933e-02
4.667298868298530579e-02
3.360163047909736633e-02
3.840420395135879517e-02
3.177871927618980408e-02
5.026816576719284058e-02
1.056944653391838074e-01
4.210627079010009766e-02
3.949774801731109619e-02
4.359174519777297974e-02
3.655828163027763367e-02
3.345399349927902222e-02
2.270700223743915558e-02
5.138467252254486084e-02
3.041441738605499268e-02
5.369015038013458252e-02
6.164380162954330444e-02
2.362114004790782928e-02
3.186782076954841614e-02
4.381106048822402954e-02
3.785438463091850281e-02
5.957458168268203735e-02
5.462886765599250793e-02
5.695775151252746582e-02
5.144962668418884277e-02
3.877893835306167603e-02
3.187088295817375183e-02
2.295157685875892639e-02
2.781068906188011169e-02
3.411851078271865845e-02
6.237294152379035950e-02
4.016955941915512085e-02
5.277215316891670227e-02
7.455557584762573242e-02
3.431297093629837036e-02
6.163544207811355591e-02
4.965825006365776062e-02
3.703514486551284790e-02
3.790856897830963135e-02
3.345728293061256409e-02
4.795656353235244751e-02
3.290107846260070801e-02
5.815762281417846680e-02
5.986919999122619629e-02
2.135246247053146362e-02
3.857320174574851990e-02
2.971213683485984802e-02
2.565266191959381104e-02
5.451733618974685669e-02
5.145935714244842529e-02
2.119226753711700439e-02
4.686128348112106323e-02
4.425347223877906799e-02
3.176398947834968567e-02
4.257708787918090820e-02
5.945479497313499451e-02
5.275687575340270996e-02
3.965750336647033691e-02
5.178106576204299927e-02
2.292883023619651794e-02
5.355105176568031311e-02
4.386518150568008423e-02
5.533947795629501343e-02
5.965235084295272827e-02
2.512162923812866211e-02
1.571609452366828918e-02
3.750657662749290466e-02
2.803247049450874329e-02
4.072427377104759216e-02
3.274325653910636902e-02
2.728428877890110016e-02
2.592433802783489227e-02
2.619544602930545807e-02
2.793258056044578552e-02
1.919645443558692932e-02
2.219161018729209900e-02
4.281394183635711670e-02
2.633745409548282623e-02
3.521391749382019043e-02
1.739549450576305389e-02
2.527610398828983307e-02
1.602654717862606049e-02
3.096638433635234833e-02
2.083957567811012268e-02
2.826596610248088837e-02
2.465751767158508301e-02
1.479248143732547760e-02
2.007067203521728516e-02
3.442202508449554443e-02
2.074224688112735748e-02
3.373363241553306580e-02
2.227647602558135986e-02
1.577202975749969482e-02
1.823946088552474976e-02
2.718115784227848053e-02
2.142615616321563721e-02
3.432928025722503662e-02
1.809744536876678467e-02
1.665784791111946106e-02
2.603296190500259399e-02
2.152070216834545135e-02
2.545784786343574524e-02
2.220370620489120483e-02
2.228091657161712646e-02
2.154160663485527039e-02
4.495100304484367371e-02
2.238586917519569397e-02
2.343507483601570129e-02
2.692102640867233276e-02
2.204988896846771240e-02
2.055670320987701416e-02
2.781833708286285400e-02
2.761261351406574249e-02
2.177724614739418030e-02
3.458184748888015747e-02
2.096417732536792755e-02
2.576503530144691467e-02
2.404571510851383209e-02
2.070168033242225647e-02
1.891940273344516754e-02
2.237883582711219788e-02
2.466648258268833160e-02
1.893380843102931976e-02
2.030898630619049072e-02
2.138882130384445190e-02
1.533295214176177979e-02
2.709023281931877136e-02
2.142827212810516357e-02
2.283431775867938995e-02
1.923779025673866272e-02
1.636405102908611298e-02
1.504966430366039276e-02
2.345163375139236450e-02
7.105609774589538574e-02
3.244304656982421875e-02
6.860139966011047363e-02
1.300049126148223877e-01
9.564342349767684937e-02
1.730956882238388062e-02
3.159236162900924683e-02
1.496406644582748413e-02
1.745193451642990112e-02
2.718036063015460968e-02
1.945166662335395813e-02
2.289472147822380066e-02
1.963438466191291809e-02
1.936174929141998291e-02
1.515828259289264679e-02
1.382520608603954315e-02
1.445881929248571396e-02
2.040139585733413696e-02
2.293340861797332764e-02
1.584083959460258484e-02
2.695694565773010254e-02
1.861320063471794128e-02
7.520452141761779785e-02
6.526731699705123901e-02
3.123868070542812347e-02
2.662950009107589722e-02
2.125801332294940948e-02
2.580196596682071686e-02
1.559322513639926910e-02
1.804324984550476074e-02
1.953744143247604370e-02
1.935487240552902222e-02
1.181560475379228592e-02
1.305017061531543732e-02
1.468850485980510712e-02
6.420315802097320557e-02
3.137602657079696655e-02
2.638802677392959595e-02
1.495169941335916519e-02
3.141401708126068115e-02
2.262694947421550751e-02
2.305812574923038483e-02
1.960504986345767975e-02
1.481938362121582031e-02
3.037790395319461823e-02
1.767518557608127594e-02
1.898975670337677002e-02
1.498894952237606049e-02
2.044121921062469482e-02
2.145781740546226501e-02
1.938460022211074829e-02
1.649499312043190002e-02
2.247649990022182465e-02
2.375553734600543976e-02
2.335816994309425354e-02
2.443169429898262024e-02
2.612732723355293274e-02
1.635877415537834167e-02
1.774620637297630310e-02
2.876923978328704834e-02
1.175145525485277176e-02
2.411661110818386078e-02
1.559282839298248291e-02
1.590232923626899719e-02
1.792043447494506836e-02
2.636065706610679626e-02
3.144060447812080383e-02
1.781273260712623596e-02
2.181049995124340057e-02
1.519011333584785461e-02
1.743486337363719940e-02
2.470457181334495544e-02
1.041405461728572845e-02
1.464244164526462555e-02
2.908155694603919983e-02
2.138126641511917114e-02
1.432138308882713318e-02
1.761854626238346100e-02
1.729990355670452118e-02
1.545825600624084473e-02
2.304801717400550842e-02
2.556854486465454102e-02
1.021762751042842865e-02
2.035454660654067993e-02
2.116825990378856659e-02
1.445212773978710175e-02
2.006678096950054169e-02
2.601863071322441101e-02
1.595954038202762604e-02
2.397050708532333374e-02
2.363600768148899078e-02
1.979776658117771149e-02
1.683351024985313416e-02
1.762969605624675751e-02
2.325067296624183655e-02
2.483692020177841187e-02
2.492194063961505890e-02
1.831826940178871155e-02
1.613351143896579742e-02
2.155834808945655823e-02
1.219004020094871521e-02
1.409884169697761536e-02
1.719769276678562164e-02
2.271509729325771332e-02
2.094875089824199677e-02
2.086454629898071289e-02
1.741864345967769623e-02
9.908342733979225159e-03
1.423983462154865265e-02
1.608672924339771271e-02
1.891232654452323914e-02
1.321868970990180969e-02
1.350743696093559265e-02
1.386003196239471436e-02
1.386940479278564453e-02
1.422202587127685547e-02
1.740160956978797913e-02
1.984994113445281982e-02
1.837154477834701538e-02
1.988582685589790344e-02
1.470434386283159256e-02
1.953429728746414185e-02
1.953077316284179688e-02
1.949945464730262756e-02
1.746731437742710114e-02
2.033532783389091492e-02
1.932743564248085022e-02
1.423128135502338409e-02
1.933377981185913086e-02
1.969927735626697540e-02
1.636180654168128967e-02
1.936608180403709412e-02
1.757141202688217163e-02
1.694160699844360352e-02
1.102798897773027420e-02
1.888172328472137451e-02
1.884255185723304749e-02
1.851256005465984344e-02
1.743719354271888733e-02
1.533789280802011490e-02
1.870488934218883514e-02
1.850876770913600922e-02
1.625312492251396179e-02
1.775548234581947327e-02
1.821137964725494385e-02
2.063049003481864929e-02
1.543118804693222046e-02
1.792285963892936707e-02
1.525165885686874390e-02
1.699586771428585052e-02
1.518889237195253372e-02
1.183376275002956390e-02
1.282660197466611862e-02
1.759201660752296448e-02
1.703055948019027710e-02
1.672362908720970154e-02
1.685239747166633606e-02
1.534536015242338181e-02
1.293224096298217773e-02
1.637528091669082642e-02
7.569000869989395142e-02
1.650944165885448456e-02
4.539951309561729431e-02
1.654065586626529694e-02
1.084579527378082275e-01
1.671177521347999573e-02
1.742780581116676331e-02
1.707348041236400604e-02
3.407807275652885437e-02
1.985632255673408508e-02
3.046682104468345642e-02
2.912088856101036072e-02
1.675439625978469849e-02
1.320682615041732788e-01
1.078344359993934631e-01
1.889102347195148468e-02
7.618182152509689331e-02
4.455145075917243958e-02
5.355682969093322754e-02
9.580156207084655762e-02
1.727586612105369568e-02
1.985974609851837158e-02
1.719805970788002014e-02
1.256273686885833740e-02
1.471707597374916077e-02
1.102733053267002106e-02
1.623108796775341034e-02
1.252324134111404419e-02
1.581237651407718658e-02
1.722948625683784485e-02
1.200816594064235687e-02
1.676109433174133301e-02
1.803741231560707092e-02
2.011723257601261139e-02
3.880594670772552490e-02
1.655190996825695038e-02
7.080984860658645630e-02
1.586441323161125183e-02
1.399497967213392258e-02
1.324390899389982224e-02
5.746046453714370728e-02
1.537181623280048370e-02
3.328429535031318665e-02
2.969801612198352814e-02
1.406830642372369766e-02
1.548350788652896881e-02
2.069180458784103394e-02
1.046544872224330902e-02
1.152504049241542816e-02
1.194145530462265015e-02
1.493803691118955612e-02
1.472598779946565628e-02
1.481680013239383698e-02
1.542895473539829254e-02
1.468687411397695541e-02
1.470972690731287003e-02
1.473416667431592941e-02
1.219420507550239563e-02
1.482919417321681976e-02
1.354801841080188751e-02
1.493964344263076782e-02
1.377354096621274948e-02
1.444432511925697327e-02
1.469071768224239349e-02
1.459209807217121124e-02
1.540599949657917023e-02
1.429309323430061340e-02
1.520462147891521454e-02
1.446041651070117950e-02
1.447090320289134979e-02
1.429472211748361588e-02
1.477954164147377014e-02
1.346071250736713409e-02
1.472528837621212006e-02
1.537623070180416107e-02
5.872580036520957947e-02
1.476858276873826981e-02
2.265304513275623322e-02
1.420120522379875183e-02
1.409291848540306091e-02
4.573162645101547241e-02
1.431151479482650757e-02
1.467103976756334305e-02
1.509608514606952667e-02
1.469872146844863892e-02
1.430806424468755722e-02
1.421808823943138123e-02
3.772684186697006226e-02
1.452734414488077164e-02
1.610635779798030853e-02
4.024257510900497437e-02
6.166734546422958374e-02
7.311176508665084839e-02
1.921689510345458984e-02
3.486509248614311218e-02
8.270902186632156372e-02
3.387455269694328308e-02
4.411731660366058350e-02
8.179670572280883789e-02
1.436712127178907394e-02
2.292782254517078400e-02
5.586710199713706970e-02
1.478033885359764099e-02
5.635131523013114929e-02
1.661190949380397797e-02
1.154362335801124573e-01
3.631208464503288269e-02
4.083029180765151978e-02
1.605679653584957123e-02
2.208239026367664337e-02
3.581597656011581421e-02
6.632600724697113037e-02
2.581899426877498627e-02
1.105151884257793427e-02
1.837057620286941528e-02
2.514624036848545074e-02
2.184702642261981964e-02
4.205788671970367432e-02
1.461649406701326370e-02
1.546380855143070221e-02
7.757779955863952637e-02
1.791347377002239227e-02
5.247885361313819885e-02
1.008999273180961609e-01
1.972768642008304596e-02
1.547141466289758682e-02
6.142234802246093750e-02
7.097155600786209106e-02
1.327274739742279053e-01
2.927223592996597290e-02
2.011998370289802551e-02
1.433456316590309143e-02
9.462396055459976196e-02
7.072046399116516113e-02
1.601167954504489899e-02
4.387500882148742676e-02
1.852369867265224457e-02
1.996542513370513916e-02
6.011454388499259949e-02
1.219682842493057251e-01
1.557847764343023300e-02
1.397446356713771820e-02
1.426285970956087112e-02
6.286105513572692871e-02
2.657949179410934448e-02
4.362818971276283264e-02
2.298492193222045898e-02
3.885542228817939758e-02
5.836848169565200806e-02
5.696527659893035889e-02
1.841679774224758148e-02
1.492394320666790009e-02
1.439997833222150803e-02
1.288617961108684540e-02
2.135769464075565338e-02
2.582836896181106567e-02
1.733364537358283997e-02
1.576089486479759216e-02
5.096778646111488342e-02
1.022129952907562256e-01
1.490408275276422501e-02
3.976402804255485535e-02
5.399911105632781982e-02
3.580142930150032043e-02
3.863608464598655701e-02
1.449550315737724304e-02
1.383158285170793533e-02
5.208293721079826355e-02
2.263697236776351929e-02
1.445779763162136078e-02
1.623600907623767853e-02
3.504141420125961304e-02
1.857119612395763397e-02
2.645114995539188385e-02
1.412364840507507324e-02
1.839007623493671417e-02
1.462132297456264496e-02
1.441790536046028137e-02
1.399569213390350342e-02
1.475515216588973999e-02
5.513828620314598083e-02
1.494243927299976349e-02
5.235850811004638672e-02
4.119005054235458374e-02
1.425899378955364227e-02
1.518125366419553757e-02
5.262508615851402283e-02
1.489461679011583328e-02
1.573626399040222168e-01
1.433541625738143921e-02
3.252343088388442993e-02
1.453442499041557312e-02
1.451837923377752304e-02
1.405303552746772766e-02
1.809121109545230865e-02
1.467377413064241409e-02
1.564390212297439575e-02
1.425931882113218307e-02
1.708807423710823059e-02
1.659768633544445038e-02
1.417501457035541534e-02
1.462611835449934006e-02
1.429687626659870148e-02
2.379544265568256378e-02
1.421585865318775177e-02
1.427687797695398331e-02
1.461064722388982773e-02
1.441946998238563538e-02
1.510517485439777374e-02
1.589124649763107300e-02
5.155865475535392761e-02
1.579930260777473450e-02
1.537456735968589783e-02
1.413675211369991302e-02
4.415223374962806702e-02
1.399994827806949615e-02
3.004900179803371429e-02
6.403117626905441284e-02
5.590516701340675354e-02
1.853207126259803772e-02
1.552496198564767838e-02
1.421738974750041962e-02
1.381663605570793152e-02
1.459872350096702576e-02
2.134742774069309235e-02
1.431012991815805435e-02
1.497630495578050613e-02
1.428876630961894989e-02
1.392301172018051147e-02
1.478171534836292267e-02
1.550566591322422028e-02
1.388008799403905869e-02
1.524273306131362915e-02
1.487869024276733398e-02
1.409744750708341599e-02
1.432542502880096436e-02
1.506504416465759277e-02
1.250820327550172806e-02
1.444282755255699158e-02
1.435392722487449646e-02
1.016893237829208374e-02
1.393995434045791626e-02
1.564710028469562531e-02
1.388079300522804260e-02
6.398424506187438965e-02
1.716257259249687195e-02
1.366555225104093552e-02
1.482220645993947983e-02
1.431610248982906342e-02
1.403481513261795044e-02
1.504653599113225937e-02
1.390289422124624252e-02
1.225299295037984848e-02
1.502477191388607025e-02
1.506361458450555801e-02
1.343605667352676392e-02
1.024129241704940796e-01
1.424515247344970703e-02
1.588782668113708496e-02
1.357688475400209427e-02
1.412394735962152481e-02
1.352795213460922241e-02
1.342389918863773346e-02
1.417921297252178192e-02
1.365662831813097000e-02
1.286922767758369446e-02
1.355171203613281250e-02
1.327330060303211212e-02
1.364465616643428802e-02
9.486062452197074890e-03
8.998891338706016541e-03
1.336564309895038605e-02
1.340847741812467575e-02
1.376726478338241577e-02
1.338894851505756378e-02
1.315575465559959412e-02
1.525745261460542679e-02
1.380350068211555481e-02
1.361165195703506470e-02
1.322712283581495285e-02
1.358658820390701294e-02
1.371180918067693710e-02
1.397952623665332794e-02
1.335668005049228668e-02
1.307258009910583496e-02
1.310869771987199783e-02
1.311917137354612350e-02
1.329817250370979309e-02
1.337648928165435791e-02
1.393496245145797729e-02
1.315441913902759552e-02
1.317146513611078262e-02
1.357934810221195221e-02
1.349375303834676743e-02
1.322451420128345490e-02
1.487121544778347015e-02
1.304534170776605606e-02
1.308346912264823914e-02
1.446196343749761581e-02
1.352526806294918060e-02
1.366830803453922272e-02
1.333967410027980804e-02
1.331958454102277756e-02
1.395950373262166977e-02
1.384562812745571136e-02
1.300174370408058167e-02
1.311064697802066803e-02
1.371768303215503693e-02
1.354827918112277985e-02
1.426592376083135605e-02
1.357175037264823914e-02
1.304417662322521210e-02
1.305394619703292847e-02
1.510033197700977325e-02
1.440378092229366302e-02
1.427754014730453491e-02
4.070474207401275635e-02
1.331723481416702271e-02
1.433067768812179565e-02
1.304017566144466400e-02
1.421189028769731522e-02
1.352989487349987030e-02
1.346394699066877365e-02
1.317034568637609482e-02
1.436568982899188995e-02
1.322782225906848907e-02
1.358652673661708832e-02
1.330683194100856781e-02
1.484740711748600006e-02
1.515510678291320801e-02
2.687820233404636383e-02
1.329133659601211548e-02
1.388752553611993790e-02
1.328133419156074524e-02
1.305423676967620850e-02
1.317314244806766510e-02
1.360018178820610046e-02
1.357080042362213135e-02
1.299845613539218903e-02
1.341358572244644165e-02
1.312638074159622192e-02
1.383778080344200134e-02
1.299383305013179779e-02
1.331446319818496704e-02
1.389076747000217438e-02
1.419482193887233734e-02
1.375228911638259888e-02
1.323961187154054642e-02
1.344197057187557220e-02
1.489995326846837997e-02
1.855422183871269226e-02
1.369979698210954666e-02
1.363437436521053314e-02
1.515956874936819077e-02
1.341003738343715668e-02
1.444640289992094040e-02
1.306232530623674393e-02
1.333383284509181976e-02
1.361169852316379547e-02
1.315812207758426666e-02
1.472426299005746841e-02
1.325930003076791763e-02
1.338805258274078369e-02
1.420728024095296860e-02
1.352390646934509277e-02
1.360764726996421814e-02
1.301520597189664841e-02
1.340557541698217392e-02
4.653677344322204590e-02
1.387902721762657166e-02
1.633610948920249939e-02
1.373906619846820831e-02
1.389457844197750092e-02
1.395084057003259659e-02
1.350418291985988617e-02
1.320744957774877548e-02
1.303337514400482178e-02
1.587199978530406952e-02
1.335474569350481033e-02
1.401128526777029037e-02
1.438577380031347275e-02
1.304626464843750000e-02
1.311437506228685379e-02
1.305458042770624161e-02
1.358360983431339264e-02
1.353939808905124664e-02
1.331845298409461975e-02
1.342561654746532440e-02
1.320513151586055756e-02
1.496114488691091537e-02
1.968319714069366455e-02
1.320736762136220932e-02
1.518429163843393326e-02
1.331756170839071274e-02
1.305113732814788818e-02
1.420425809919834137e-02
1.343175210058689117e-02
1.448213309049606323e-02
1.416756957769393921e-02
1.372397784143686295e-02
1.390742976218461990e-02
1.302908640354871750e-02
1.303851604461669922e-02
1.349904295057058334e-02
1.336679700762033463e-02
1.343926321715116501e-02
1.349465735256671906e-02
1.450626365840435028e-02
1.341064460575580597e-02
1.315320655703544617e-02
1.405921299010515213e-02
1.492951624095439911e-02
1.435019169002771378e-02
1.702145300805568695e-02
1.574674248695373535e-02
1.320035103708505630e-02
1.302443258464336395e-02
1.335619762539863586e-02
1.578905805945396423e-02
1.321719866245985031e-02
1.422408036887645721e-02
1.327784359455108643e-02
1.329147815704345703e-02
1.401985622942447662e-02
1.446828339248895645e-02
1.406056247651576996e-02
1.417213957756757736e-02
1.495979726314544678e-02
1.532194949686527252e-02
1.401395257562398911e-02
1.323242392390966415e-02
1.311747729778289795e-02
1.333371829241514206e-02
1.480912789702415466e-02
1.451102830469608307e-02
1.319436635822057724e-02
1.302910409867763519e-02
1.332864258438348770e-02
1.315752044320106506e-02
1.359211932867765427e-02
1.768279448151588440e-02
1.305691991001367569e-02
1.333342678844928741e-02
1.320973969995975494e-02
