latency
6.500000000000012434e+00
6.500000000000012434e+00
5.600000000000015632e+00
6.100000000000013856e+00
7.200000000000009948e+00
6.600000000000012079e+00
7.100000000000010303e+00
6.500000000000012434e+00
6.500000000000012434e+00
4.300000000000020250e+00
7.600000000000008527e+00
6.500000000000012434e+00
6.600000000000012079e+00
7.000000000000010658e+00
6.700000000000011724e+00
6.400000000000012790e+00
6.000000000000014211e+00
6.500000000000012434e+00
6.400000000000012790e+00
6.900000000000011013e+00
7.500000000000008882e+00
7.100000000000010303e+00
6.900000000000011013e+00
7.800000000000007816e+00
7.000000000000010658e+00
7.300000000000009592e+00
6.400000000000012790e+00
7.000000000000010658e+00
7.300000000000009592e+00
7.200000000000009948e+00
6.700000000000011724e+00
7.600000000000008527e+00
5.000000000000017764e+00
6.800000000000011369e+00
6.900000000000011013e+00
7.500000000000007105e+00
7.100000000000010303e+00
7.100000000000010303e+00
6.700000000000011724e+00
7.400000000000009237e+00
7.200000000000009948e+00
7.500000000000008882e+00
7.400000000000009237e+00
6.900000000000011013e+00
7.000000000000010658e+00
7.700000000000008171e+00
7.400000000000009237e+00
7.700000000000008171e+00
6.900000000000011013e+00
7.000000000000010658e+00
6.600000000000012079e+00
6.100000000000013856e+00
6.600000000000012079e+00
6.800000000000011369e+00
7.200000000000009948e+00
6.700000000000011724e+00
5.900000000000014566e+00
7.200000000000009948e+00
7.300000000000009592e+00
6.200000000000013500e+00
6.700000000000011724e+00
7.000000000000010658e+00
6.200000000000013500e+00
6.900000000000011013e+00
7.100000000000010303e+00
6.500000000000012434e+00
7.000000000000010658e+00
6.800000000000011369e+00
6.500000000000012434e+00
7.200000000000009948e+00
7.700000000000008171e+00
7.200000000000009948e+00
6.700000000000011724e+00
7.200000000000009948e+00
7.300000000000009592e+00
7.200000000000009948e+00
6.800000000000011369e+00
7.400000000000009237e+00
7.100000000000010303e+00
7.600000000000008527e+00
6.500000000000012434e+00
7.900000000000007461e+00
7.000000000000010658e+00
6.500000000000012434e+00
6.800000000000011369e+00
7.400000000000009237e+00
6.000000000000014211e+00
6.900000000000011013e+00
6.900000000000011013e+00
6.800000000000011369e+00
7.400000000000009237e+00
6.900000000000011013e+00
7.000000000000010658e+00
7.300000000000009592e+00
6.900000000000011013e+00
7.100000000000010303e+00
7.000000000000010658e+00
6.400000000000012790e+00
7.500000000000008882e+00
7.100000000000010303e+00
7.600000000000008527e+00
6.900000000000011013e+00
7.500000000000008882e+00
7.200000000000009948e+00
6.900000000000011013e+00
6.600000000000012079e+00
6.300000000000013145e+00
7.700000000000008171e+00
6.700000000000011724e+00
6.500000000000012434e+00
6.700000000000011724e+00
6.900000000000011013e+00
7.300000000000009592e+00
7.400000000000009237e+00
6.300000000000013145e+00
6.800000000000011369e+00
7.200000000000009948e+00
7.700000000000008171e+00
7.200000000000009948e+00
7.100000000000010303e+00
7.300000000000009592e+00
5.600000000000015632e+00
6.800000000000011369e+00
7.300000000000009592e+00
7.600000000000008527e+00
4.400000000000019895e+00
7.400000000000009237e+00
7.300000000000009592e+00
7.900000000000007461e+00
6.700000000000011724e+00
6.500000000000012434e+00
6.800000000000011369e+00
7.100000000000010303e+00
6.300000000000013145e+00
6.600000000000012079e+00
7.000000000000010658e+00
6.800000000000011369e+00
7.400000000000009237e+00
7.500000000000008882e+00
7.000000000000010658e+00
6.900000000000011013e+00
6.900000000000011013e+00
6.700000000000011724e+00
7.500000000000008882e+00
6.300000000000013145e+00
6.900000000000011013e+00
7.200000000000009948e+00
7.000000000000010658e+00
7.200000000000009948e+00
7.500000000000008882e+00
7.200000000000009948e+00
7.700000000000008171e+00
7.000000000000010658e+00
6.600000000000012079e+00
7.700000000000008171e+00
7.000000000000010658e+00
6.500000000000012434e+00
6.900000000000011013e+00
7.400000000000009237e+00
6.800000000000011369e+00
