loss
8.828599929809570312e+00
2.045225381851196289e+00
1.617003440856933594e+00
2.100650787353515625e+00
1.444656848907470703e+00
1.522022962570190430e+00
1.728607058525085449e+00
1.296980500221252441e+00
1.502367377281188965e+00
1.691702365875244141e+00
2.075895786285400391e+00
1.740136981010437012e+00
1.424115657806396484e+00
1.531668305397033691e+00
1.108698487281799316e+00
1.165401816368103027e+00
1.320671081542968750e+00
1.380123496055603027e+00
1.021796703338623047e+00
1.751476764678955078e+00
8.618785738945007324e-01
1.233319282531738281e+00
1.335649609565734863e+00
1.638780355453491211e+00
1.099874258041381836e+00
1.011500477790832520e+00
1.672860145568847656e+00
1.155855536460876465e+00
1.015390157699584961e+00
1.064261078834533691e+00
1.103978276252746582e+00
9.230161905288696289e-01
1.169989466667175293e+00
1.272802829742431641e+00
1.337889671325683594e+00
1.119669556617736816e+00
1.682067394256591797e+00
1.055035948753356934e+00
1.398847818374633789e+00
1.096971869468688965e+00
8.874062895774841309e-01
9.633253216743469238e-01
1.006089925765991211e+00
9.934671521186828613e-01
7.596768140792846680e-01
1.592657804489135742e+00
1.078488945960998535e+00
1.097452640533447266e+00
1.151999235153198242e+00
8.555146455764770508e-01
9.740220904350280762e-01
1.400948882102966309e+00
1.143565654754638672e+00
1.323438048362731934e+00
1.070607900619506836e+00
1.001721620559692383e+00
1.052997350692749023e+00
1.358536481857299805e+00
1.140606880187988281e+00
8.997865319252014160e-01
1.388239979743957520e+00
9.479777812957763672e-01
9.746746420860290527e-01
1.307529330253601074e+00
1.134203553199768066e+00
1.264430522918701172e+00
1.382083773612976074e+00
1.374421834945678711e+00
1.137138843536376953e+00
1.019378423690795898e+00
1.283761978149414062e+00
1.362604618072509766e+00
1.230305075645446777e+00
1.088358402252197266e+00
1.038190364837646484e+00
1.179220676422119141e+00
1.158666729927062988e+00
1.014335274696350098e+00
1.184469223022460938e+00
9.426328539848327637e-01
1.446609735488891602e+00
1.352489471435546875e+00
9.390709400177001953e-01
9.998190999031066895e-01
1.093996763229370117e+00
1.091877698898315430e+00
1.208210468292236328e+00
1.835870504379272461e+00
1.559967517852783203e+00
1.452607870101928711e+00
9.871523380279541016e-01
1.240329504013061523e+00
8.428429365158081055e-01
1.656051158905029297e+00
1.424643754959106445e+00
1.088650107383728027e+00
9.169558286666870117e-01
9.782568216323852539e-01
9.249424934387207031e-01
1.949318289756774902e+00
1.308458447456359863e+00
1.439784646034240723e+00
1.699974775314331055e+00
1.378332376480102539e+00
1.188721418380737305e+00
1.099956274032592773e+00
9.432411193847656250e-01
1.242511034011840820e+00
1.758858919143676758e+00
1.485065340995788574e+00
1.264418125152587891e+00
9.102940559387207031e-01
8.274126648902893066e-01
8.286769390106201172e-01
9.613852500915527344e-01
1.233660817146301270e+00
9.788017272949218750e-01
7.725502252578735352e-01
7.310326099395751953e-01
8.006367683410644531e-01
1.459108829498291016e+00
1.251680135726928711e+00
1.202010869979858398e+00
1.297391653060913086e+00
1.422379255294799805e+00
1.555379509925842285e+00
1.060389280319213867e+00
8.586755990982055664e-01
8.469775915145874023e-01
1.403544068336486816e+00
1.017640113830566406e+00
1.438238501548767090e+00
8.378481268882751465e-01
1.044174551963806152e+00
9.033842086791992188e-01
8.509258627891540527e-01
1.107031702995300293e+00
9.126734733581542969e-01
1.215791940689086914e+00
1.357834219932556152e+00
9.954646229743957520e-01
8.858020305633544922e-01
1.427707076072692871e+00
1.049877047538757324e+00
1.103426098823547363e+00
1.038334012031555176e+00
9.582391381263732910e-01
8.504778146743774414e-01
8.206046819686889648e-01
7.112269401550292969e-01
1.186678767204284668e+00
8.069332838058471680e-01
1.013329148292541504e+00
1.621160745620727539e+00
1.138970255851745605e+00
1.363196372985839844e+00
1.191373586654663086e+00
1.123034715652465820e+00
9.053083658218383789e-01
9.811449050903320312e-01
1.155000567436218262e+00
1.196748733520507812e+00
1.084419965744018555e+00
8.531921505928039551e-01
9.728754162788391113e-01
1.189591050148010254e+00
1.235393047332763672e+00
1.132828474044799805e+00
1.143759489059448242e+00
1.062992930412292480e+00
1.196074366569519043e+00
1.126604795455932617e+00
1.025686025619506836e+00
8.936510086059570312e-01
8.450852036476135254e-01
7.254943847656250000e-01
1.020719289779663086e+00
9.489209651947021484e-01
1.041835069656372070e+00
9.209562540054321289e-01
1.066790103912353516e+00
1.185354709625244141e+00
8.570147752761840820e-01
1.536871314048767090e+00
1.638348221778869629e+00
1.145832896232604980e+00
1.334986686706542969e+00
9.987970590591430664e-01
9.120101332664489746e-01
1.002871155738830566e+00
9.837671518325805664e-01
1.126441836357116699e+00
9.970085024833679199e-01
6.721786260604858398e-01
9.562617540359497070e-01
1.028499603271484375e+00
9.932456016540527344e-01
8.287081718444824219e-01
9.665547609329223633e-01
1.188120722770690918e+00
1.161297321319580078e+00
9.857760667800903320e-01
1.000004768371582031e+00
9.457549452781677246e-01
1.137616157531738281e+00
8.865644931793212891e-01
7.586059570312500000e-01
1.227085590362548828e+00
1.154508471488952637e+00
9.457181692123413086e-01
8.577156066894531250e-01
9.404427409172058105e-01
8.971250057220458984e-01
9.886794090270996094e-01
1.009806632995605469e+00
9.515588283538818359e-01
1.306455612182617188e+00
1.020570278167724609e+00
9.325994849205017090e-01
1.419834494590759277e+00
1.120786190032958984e+00
9.669758081436157227e-01
1.160306930541992188e+00
8.113980293273925781e-01
1.070040941238403320e+00
1.127900362014770508e+00
7.865216732025146484e-01
7.756883502006530762e-01
1.019237995147705078e+00
9.185816049575805664e-01
1.063013792037963867e+00
1.295353889465332031e+00
7.972657680511474609e-01
8.228051662445068359e-01
7.009184956550598145e-01
7.129240036010742188e-01
6.805124282836914062e-01
9.949555993080139160e-01
9.763284325599670410e-01
8.545835018157958984e-01
8.340243697166442871e-01
1.039489269256591797e+00
7.012145519256591797e-01
9.768499135971069336e-01
8.728352189064025879e-01
8.759676218032836914e-01
6.744168400764465332e-01
7.934062480926513672e-01
1.032054901123046875e+00
8.498970270156860352e-01
7.737285494804382324e-01
1.139935493469238281e+00
7.662932276725769043e-01
8.329973220825195312e-01
9.580157399177551270e-01
1.032806158065795898e+00
1.074369907379150391e+00
1.031900167465209961e+00
1.274641036987304688e+00
1.142967462539672852e+00
7.177228927612304688e-01
1.069938659667968750e+00
9.192674160003662109e-01
9.971287250518798828e-01
7.912281155586242676e-01
9.592603445053100586e-01
8.563249111175537109e-01
8.573971986770629883e-01
7.305876016616821289e-01
8.117197155952453613e-01
1.466052055358886719e+00
1.489309549331665039e+00
1.235030055046081543e+00
9.155306220054626465e-01
9.285726547241210938e-01
1.079440712928771973e+00
9.481674432754516602e-01
1.442937493324279785e+00
1.400574922561645508e+00
9.098614454269409180e-01
7.134795188903808594e-01
1.113672256469726562e+00
9.915161728858947754e-01
1.125734806060791016e+00
1.023007154464721680e+00
9.100596904754638672e-01
6.294307708740234375e-01
8.397104144096374512e-01
9.393713474273681641e-01
9.097254872322082520e-01
9.820224046707153320e-01
7.220919132232666016e-01
9.020438790321350098e-01
6.857470273971557617e-01
7.885560393333435059e-01
8.624716401100158691e-01
8.195859193801879883e-01
7.459360957145690918e-01
9.610061645507812500e-01
9.002770781517028809e-01
7.749195694923400879e-01
1.059541702270507812e+00
1.077771425247192383e+00
9.841729402542114258e-01
9.295222163200378418e-01
7.988412380218505859e-01
1.055308580398559570e+00
1.116969227790832520e+00
9.206690788269042969e-01
7.750868797302246094e-01
8.788156509399414062e-01
6.187731027603149414e-01
1.267988085746765137e+00
9.173076748847961426e-01
1.152785301208496094e+00
9.465486407279968262e-01
8.034024238586425781e-01
8.798083662986755371e-01
8.976650238037109375e-01
1.119321823120117188e+00
6.880619525909423828e-01
9.490395188331604004e-01
8.568117022514343262e-01
8.960965871810913086e-01
1.046570897102355957e+00
7.910294532775878906e-01
9.610034227371215820e-01
1.031406521797180176e+00
9.139920473098754883e-01
7.567282915115356445e-01
1.170867919921875000e+00
8.015063405036926270e-01
7.762554287910461426e-01
8.684003949165344238e-01
7.732884287834167480e-01
5.997451543807983398e-01
1.209183096885681152e+00
1.081048011779785156e+00
8.187736272811889648e-01
9.134572744369506836e-01
8.473917841911315918e-01
8.504674434661865234e-01
7.806779742240905762e-01
8.491744995117187500e-01
8.466080427169799805e-01
8.009382486343383789e-01
8.031725287437438965e-01
8.115189671516418457e-01
8.655492663383483887e-01
6.763727664947509766e-01
7.359365224838256836e-01
8.528817296028137207e-01
8.430070877075195312e-01
6.452866792678833008e-01
8.515873551368713379e-01
7.291932106018066406e-01
7.432693243026733398e-01
1.236294269561767578e+00
1.205125093460083008e+00
8.544419407844543457e-01
1.353082299232482910e+00
1.061357855796813965e+00
9.229027032852172852e-01
1.271519422531127930e+00
8.659822344779968262e-01
1.281018853187561035e+00
1.423662900924682617e+00
1.415465831756591797e+00
1.205432653427124023e+00
1.213701367378234863e+00
1.519109845161437988e+00
1.011940240859985352e+00
1.281066894531250000e+00
1.026421785354614258e+00
1.259822607040405273e+00
9.617365002632141113e-01
7.569685578346252441e-01
8.307166099548339844e-01
9.613933563232421875e-01
9.111796617507934570e-01
9.440291523933410645e-01
7.786349058151245117e-01
9.274976253509521484e-01
9.431988596916198730e-01
9.103863239288330078e-01
6.198625564575195312e-01
5.852270126342773438e-01
8.424853682518005371e-01
1.171070814132690430e+00
8.191397190093994141e-01
9.901405572891235352e-01
1.126998662948608398e+00
9.752695560455322266e-01
1.071479320526123047e+00
7.717959284782409668e-01
7.181998491287231445e-01
1.188764333724975586e+00
7.915991544723510742e-01
8.288931846618652344e-01
1.341583132743835449e+00
6.473670005798339844e-01
9.157389402389526367e-01
1.114139795303344727e+00
1.168311715126037598e+00
1.193394184112548828e+00
8.275690674781799316e-01
8.136425614356994629e-01
7.942111492156982422e-01
1.003226757049560547e+00
8.164117336273193359e-01
9.766568541526794434e-01
9.835292100906372070e-01
9.970356225967407227e-01
8.712123036384582520e-01
1.002674579620361328e+00
9.109444022178649902e-01
6.011308431625366211e-01
1.019667148590087891e+00
9.675993323326110840e-01
7.874869704246520996e-01
8.941122293472290039e-01
7.910283803939819336e-01
6.968296766281127930e-01
1.132316112518310547e+00
8.870568275451660156e-01
8.898918032646179199e-01
8.298388123512268066e-01
7.762973308563232422e-01
7.437872290611267090e-01
8.047343492507934570e-01
9.849045276641845703e-01
9.229518175125122070e-01
8.497049212455749512e-01
8.667177557945251465e-01
8.558227419853210449e-01
8.557285070419311523e-01
9.195818305015563965e-01
9.553072452545166016e-01
7.525919675827026367e-01
9.087747335433959961e-01
9.749426841735839844e-01
1.127702951431274414e+00
1.048357367515563965e+00
8.868627548217773438e-01
6.854208707809448242e-01
7.383023500442504883e-01
9.243214130401611328e-01
1.135025501251220703e+00
9.548121690750122070e-01
1.093283295631408691e+00
1.840566396713256836e+00
1.767216920852661133e+00
1.550586700439453125e+00
1.312932968139648438e+00
1.487111926078796387e+00
1.460108399391174316e+00
1.432033777236938477e+00
1.202588796615600586e+00
1.204496622085571289e+00
1.675002694129943848e+00
1.427275896072387695e+00
1.320642709732055664e+00
1.028281927108764648e+00
1.428209066390991211e+00
9.133408069610595703e-01
8.972750902175903320e-01
9.295481443405151367e-01
9.600696563720703125e-01
9.012768268585205078e-01
1.041490554809570312e+00
8.256840109825134277e-01
9.000900983810424805e-01
9.688716530799865723e-01
8.274791240692138672e-01
1.668502211570739746e+00
1.021942377090454102e+00
1.120862841606140137e+00
2.111760616302490234e+00
1.269678592681884766e+00
1.999645590782165527e+00
1.276218891143798828e+00
1.334863662719726562e+00
1.112663865089416504e+00
1.748402237892150879e+00
2.018003940582275391e+00
1.776526212692260742e+00
1.135820746421813965e+00
9.940499067306518555e-01
1.048273324966430664e+00
1.249634981155395508e+00
1.152666568756103516e+00
9.820241928100585938e-01
1.030805349349975586e+00
1.165720224380493164e+00
1.113896489143371582e+00
1.108258247375488281e+00
1.023084640502929688e+00
8.801189064979553223e-01
9.716703891754150391e-01
1.357982277870178223e+00
1.108126759529113770e+00
1.283079504966735840e+00
1.259534597396850586e+00
1.295167446136474609e+00
1.057954072952270508e+00
1.137882828712463379e+00
9.807854294776916504e-01
1.300290942192077637e+00
9.127056002616882324e-01
7.915676236152648926e-01
1.275220274925231934e+00
8.443496227264404297e-01
9.810274243354797363e-01
1.186377525329589844e+00
1.118053197860717773e+00
1.069981932640075684e+00
9.984312653541564941e-01
8.536000251770019531e-01
8.143829107284545898e-01
1.182995080947875977e+00
1.140949487686157227e+00
1.263542175292968750e+00
1.279611110687255859e+00
9.966654181480407715e-01
8.840377926826477051e-01
7.077281475067138672e-01
9.794012308120727539e-01
8.359318971633911133e-01
1.152074456214904785e+00
8.308836221694946289e-01
9.001983404159545898e-01
1.123420596122741699e+00
8.696069717407226562e-01
1.103163123130798340e+00
7.515420913696289062e-01
5.777168273925781250e-01
9.259923100471496582e-01
1.370308160781860352e+00
1.172660827636718750e+00
1.584758996963500977e+00
1.343397617340087891e+00
1.297715187072753906e+00
1.197737455368041992e+00
1.252129793167114258e+00
1.140087127685546875e+00
1.131840348243713379e+00
1.552083492279052734e+00
1.326247930526733398e+00
6.908658742904663086e-01
8.988729715347290039e-01
8.259475231170654297e-01
9.578501582145690918e-01
8.547254204750061035e-01
8.432097434997558594e-01
9.934871196746826172e-01
1.092623353004455566e+00
1.170798301696777344e+00
9.001811742782592773e-01
6.441988945007324219e-01
6.491749286651611328e-01
6.793112158775329590e-01
7.720944285392761230e-01
8.338119983673095703e-01
8.924539089202880859e-01
1.203960180282592773e+00
1.465174198150634766e+00
1.156980633735656738e+00
2.207370758056640625e+00
1.481904149055480957e+00
1.143867611885070801e+00
1.567222476005554199e+00
9.313124418258666992e-01
1.125960707664489746e+00
1.579075098037719727e+00
1.442882299423217773e+00
1.267284154891967773e+00
9.010397195816040039e-01
8.719764947891235352e-01
7.386477589607238770e-01
1.092683076858520508e+00
1.087693572044372559e+00
9.855464100837707520e-01
7.224360704421997070e-01
7.739781737327575684e-01
7.117369174957275391e-01
1.190404176712036133e+00
1.125849485397338867e+00
1.066389203071594238e+00
1.039793014526367188e+00
8.268301486968994141e-01
7.544093132019042969e-01
9.696321487426757812e-01
8.838999271392822266e-01
9.494743347167968750e-01
8.981991410255432129e-01
8.049194812774658203e-01
7.903265357017517090e-01
7.738336920738220215e-01
7.292039990425109863e-01
6.034907102584838867e-01
1.008413791656494141e+00
7.626843452453613281e-01
6.548441648483276367e-01
1.403110146522521973e+00
9.061582088470458984e-01
1.170788407325744629e+00
1.202665567398071289e+00
7.917008399963378906e-01
7.689906954765319824e-01
7.216824293136596680e-01
9.352183938026428223e-01
9.088603258132934570e-01
1.089630603790283203e+00
8.586680293083190918e-01
7.987859845161437988e-01
6.893696784973144531e-01
8.164896965026855469e-01
8.468974828720092773e-01
8.706228137016296387e-01
9.627468585968017578e-01
8.686074614524841309e-01
8.207523226737976074e-01
8.352698683738708496e-01
8.425586223602294922e-01
8.803554773330688477e-01
8.571838140487670898e-01
7.022974491119384766e-01
7.466009855270385742e-01
7.969381809234619141e-01
7.995110750198364258e-01
9.260887503623962402e-01
7.424331903457641602e-01
8.786020874977111816e-01
7.967495918273925781e-01
6.887580156326293945e-01
9.146265983581542969e-01
9.539293050765991211e-01
7.409768104553222656e-01
9.304857254028320312e-01
1.208084106445312500e+00
1.077704310417175293e+00
8.800003528594970703e-01
8.701375722885131836e-01
8.749698996543884277e-01
8.598651885986328125e-01
8.258221149444580078e-01
9.585492610931396484e-01
8.499759435653686523e-01
1.057079315185546875e+00
8.506979942321777344e-01
1.010478138923645020e+00
9.313743710517883301e-01
1.190154075622558594e+00
9.507253766059875488e-01
1.070950031280517578e+00
8.248482942581176758e-01
8.031942844390869141e-01
9.208399057388305664e-01
8.373680114746093750e-01
8.478276729583740234e-01
9.836000800132751465e-01
7.091740965843200684e-01
8.530575037002563477e-01
1.139978766441345215e+00
1.306334495544433594e+00
1.119671106338500977e+00
7.489590644836425781e-01
8.847593665122985840e-01
5.473113656044006348e-01
1.102886676788330078e+00
1.215687990188598633e+00
1.190854310989379883e+00
1.166650295257568359e+00
9.479246139526367188e-01
1.043403267860412598e+00
7.367050647735595703e-01
8.312287330627441406e-01
7.075366973876953125e-01
1.034415483474731445e+00
7.169612646102905273e-01
8.472946286201477051e-01
1.045166015625000000e+00
8.907573223114013672e-01
7.622037529945373535e-01
8.762018084526062012e-01
9.725540876388549805e-01
1.135764718055725098e+00
1.271126985549926758e+00
9.517270922660827637e-01
1.247504830360412598e+00
7.278019189834594727e-01
7.607821226119995117e-01
7.916719317436218262e-01
1.349828958511352539e+00
1.118926525115966797e+00
1.073576688766479492e+00
8.464127779006958008e-01
7.721956968307495117e-01
8.944393992424011230e-01
6.656622290611267090e-01
7.149860262870788574e-01
8.527075052261352539e-01
8.816440105438232422e-01
8.055202960968017578e-01
8.751613497734069824e-01
1.619043827056884766e+00
9.238495826721191406e-01
1.137713313102722168e+00
1.717869758605957031e+00
1.366278648376464844e+00
9.675090909004211426e-01
8.170610070228576660e-01
7.988847494125366211e-01
1.192347288131713867e+00
1.158743023872375488e+00
1.160650968551635742e+00
1.014915823936462402e+00
1.248479723930358887e+00
8.655124902725219727e-01
8.384063243865966797e-01
9.080448150634765625e-01
9.836484789848327637e-01
6.892850399017333984e-01
1.144812583923339844e+00
1.219676494598388672e+00
1.135003328323364258e+00
9.017121195793151855e-01
6.752461194992065430e-01
7.716568708419799805e-01
1.220675706863403320e+00
1.339336156845092773e+00
1.120909929275512695e+00
1.094720363616943359e+00
1.055034875869750977e+00
9.296430945396423340e-01
1.013721227645874023e+00
1.170929193496704102e+00
9.399545192718505859e-01
9.001251459121704102e-01
9.695834517478942871e-01
1.094391465187072754e+00
1.025905370712280273e+00
1.003894805908203125e+00
1.052182435989379883e+00
6.513016223907470703e-01
8.267678022384643555e-01
7.654486894607543945e-01
6.179625988006591797e-01
7.292821407318115234e-01
7.295014858245849609e-01
1.232687830924987793e+00
9.669781923294067383e-01
8.653348088264465332e-01
6.746531724929809570e-01
7.463909983634948730e-01
7.159118056297302246e-01
9.023092985153198242e-01
1.136716604232788086e+00
8.297302722930908203e-01
8.975065946578979492e-01
9.640897512435913086e-01
9.210442900657653809e-01
1.345827579498291016e+00
9.032606482505798340e-01
8.804036378860473633e-01
1.028814673423767090e+00
9.915241599082946777e-01
8.142889738082885742e-01
9.369975328445434570e-01
8.464486598968505859e-01
7.927356958389282227e-01
9.502767920494079590e-01
7.787804007530212402e-01
1.000244975090026855e+00
7.582635879516601562e-01
8.935081958770751953e-01
8.151518106460571289e-01
1.241844296455383301e+00
8.613893985748291016e-01
6.831910610198974609e-01
8.451577425003051758e-01
6.492931842803955078e-01
6.455584168434143066e-01
8.423067331314086914e-01
8.056333065032958984e-01
8.786485195159912109e-01
9.500641822814941406e-01
1.138376712799072266e+00
9.787515401840209961e-01
9.059217572212219238e-01
8.927232027053833008e-01
7.381618022918701172e-01
1.232127189636230469e+00
9.536162614822387695e-01
1.060287475585937500e+00
1.558458328247070312e+00
1.404202461242675781e+00
1.291933298110961914e+00
1.014873027801513672e+00
9.291697144508361816e-01
