policy_loss
1.725315116345882416e-02
1.891906000673770905e-02
1.910020969808101654e-02
7.566861063241958618e-02
7.053094357252120972e-02
5.589120462536811829e-02
5.381623655557632446e-02
4.216938093304634094e-02
4.417970031499862671e-02
5.332415178418159485e-02
4.079277813434600830e-02
3.978527709841728210e-02
5.675949528813362122e-02
4.244935885071754456e-02
4.130759835243225098e-02
4.252407327294349670e-02
4.677523300051689148e-02
3.634589537978172302e-02
2.897348441183567047e-02
3.818478062748908997e-02
2.906758897006511688e-02
3.305830433964729309e-02
3.524678573012351990e-02
2.918080054223537445e-02
4.643055424094200134e-02
4.183152318000793457e-02
4.491449519991874695e-02
4.289294406771659851e-02
4.113126918673515320e-02
3.677561506628990173e-02
3.994325548410415649e-02
4.265533015131950378e-02
4.327320680022239685e-02
4.997966811060905457e-02
4.190381243824958801e-02
4.753517732024192810e-02
4.618958756327629089e-02
4.079157859086990356e-02
3.997466340661048889e-02
5.742618441581726074e-02
5.212453007698059082e-02
4.420346021652221680e-02
4.293834045529365540e-02
3.947699815034866333e-02
2.461679093539714813e-02
3.842381760478019714e-02
3.577408939599990845e-02
3.982660174369812012e-02
3.821840882301330566e-02
3.730788826942443848e-02
3.178960084915161133e-02
3.367990255355834961e-02
2.975771389901638031e-02
3.387391567230224609e-02
5.068628117442131042e-02
3.668139502406120300e-02
3.559219092130661011e-02
4.249894618988037109e-02
4.760154709219932556e-02
3.488580137491226196e-02
4.816693812608718872e-02
4.716955870389938354e-02
4.399158433079719543e-02
4.290089011192321777e-02
4.850383847951889038e-02
4.753021150827407837e-02
4.160827770829200745e-02
4.803678393363952637e-02
4.450209811329841614e-02
4.295300692319869995e-02
5.050760507583618164e-02
4.589047655463218689e-02
5.391252040863037109e-02
4.680470377206802368e-02
4.526519775390625000e-02
4.284538701176643372e-02
4.323445633053779602e-02
4.580563679337501526e-02
3.620090708136558533e-02
3.702847287058830261e-02
3.634421154856681824e-02
3.844412043690681458e-02
3.404374048113822937e-02
2.677660621702671051e-02
5.382077768445014954e-02
3.279874846339225769e-02
2.818917110562324524e-02
5.132111534476280212e-02
4.411674290895462036e-02
3.558610007166862488e-02
3.375282511115074158e-02
3.281721100211143494e-02
3.156154230237007141e-02
6.183462217450141907e-02
5.295122414827346802e-02
5.165513977408409119e-02
4.009660705924034119e-02
3.416377678513526917e-02
3.399124369025230408e-02
5.381604656577110291e-02
4.573408141732215881e-02
4.963238164782524109e-02
4.546789452433586121e-02
4.454210028052330017e-02
3.810508549213409424e-02
3.738165646791458130e-02
4.125015065073966980e-02
4.098613932728767395e-02
5.345986038446426392e-02
4.291275888681411743e-02
4.475701227784156799e-02
4.808754473924636841e-02
4.516208916902542114e-02
4.099652543663978577e-02
5.085243657231330872e-02
4.613157361745834351e-02
5.575061962008476257e-02
3.320558741688728333e-02
2.917915023863315582e-02
2.612160146236419678e-02
5.154621601104736328e-02
4.962260648608207703e-02
3.639928624033927917e-02
4.218723997473716736e-02
5.306131392717361450e-02
4.110718891024589539e-02
4.236349463462829590e-02
3.714361786842346191e-02
3.117978386580944061e-02
5.712158605456352234e-02
3.999262675642967224e-02
5.266113206744194031e-02
4.654698446393013000e-02
4.502649605274200439e-02
4.990689083933830261e-02
3.752116486430168152e-02
3.887293487787246704e-02
4.252432659268379211e-02
4.461607336997985840e-02
5.611484870314598083e-02
5.251119658350944519e-02
4.341100528836250305e-02
5.055209621787071228e-02
3.361153602600097656e-02
4.729211330413818359e-02
4.057677462697029114e-02
3.913993760943412781e-02
4.377278313040733337e-02
4.027886316180229187e-02
3.988135233521461487e-02
4.801517352461814880e-02
3.817570582032203674e-02
3.679680824279785156e-02
4.924137890338897705e-02
5.112806707620620728e-02
6.083449348807334900e-02
5.603232979774475098e-02
5.101464316248893738e-02
4.783559963107109070e-02
5.053076148033142090e-02
4.042484983801841736e-02
5.142224580049514771e-02
4.781120643019676208e-02
4.026322439312934875e-02
4.261836409568786621e-02
5.445563793182373047e-02
5.885144695639610291e-02
6.055151298642158508e-02
5.022505670785903931e-02
4.555946215987205505e-02
5.199583992362022400e-02
3.931029513478279114e-02
3.965189680457115173e-02
3.648518025875091553e-02
4.320824146270751953e-02
3.583357110619544983e-02
5.251389741897583008e-02
4.129563644528388977e-02
3.279082104563713074e-02
2.945108152925968170e-02
5.636489391326904297e-02
5.454656481742858887e-02
5.617779493331909180e-02
5.250466987490653992e-02
4.120559617877006531e-02
4.381997510790824890e-02
5.274263769388198853e-02
5.314643308520317078e-02
3.897409513592720032e-02
5.631935596466064453e-02
5.065787956118583679e-02
5.230456590652465820e-02
4.632881283760070801e-02
3.137815371155738831e-02
4.284862801432609558e-02
5.719346553087234497e-02
5.367618799209594727e-02
4.597350955009460449e-02
4.294255003333091736e-02
4.824168980121612549e-02
4.570044949650764465e-02
3.683127090334892273e-02
4.238862544298171997e-02
3.044682182371616364e-02
4.681215807795524597e-02
4.465311765670776367e-02
4.366671666502952576e-02
5.250702053308486938e-02
4.515106603503227234e-02
3.838311135768890381e-02
3.596115857362747192e-02
5.193166062235832214e-02
3.958690539002418518e-02
5.315230041742324829e-02
5.672956630587577820e-02
4.529097303748130798e-02
4.447552561759948730e-02
3.705212101340293884e-02
3.726861998438835144e-02
5.492074042558670044e-02
4.960898682475090027e-02
3.359287604689598083e-02
3.889237716794013977e-02
4.380750283598899841e-02
4.749911278486251831e-02
4.907981306314468384e-02
3.306059166789054871e-02
3.588137775659561157e-02
5.086710676550865173e-02
3.707491233944892883e-02
4.550164565443992615e-02
5.431062728166580200e-02
4.221594706177711487e-02
4.385313019156455994e-02
3.346339240670204163e-02
4.132720455527305603e-02
3.740453347563743591e-02
5.403170734643936157e-02
4.530081152915954590e-02
4.387232288718223572e-02
3.896367177367210388e-02
4.562689736485481262e-02
3.139850124716758728e-02
4.634645208716392517e-02
4.779990389943122864e-02
3.670062124729156494e-02
3.919769451022148132e-02
3.851030394434928894e-02
3.806303814053535461e-02
5.019651725888252258e-02
4.989166557788848877e-02
5.340914800763130188e-02
4.125594720244407654e-02
3.776674345135688782e-02
3.769865632057189941e-02
4.742967709898948669e-02
4.958054423332214355e-02
5.193288251757621765e-02
5.156346783041954041e-02
4.906112700700759888e-02
4.623614251613616943e-02
4.604659602046012878e-02
4.040648043155670166e-02
4.312626272439956665e-02
4.295415431261062622e-02
4.551720619201660156e-02
4.538867995142936707e-02
3.754382953047752380e-02
4.020269960165023804e-02
4.307352006435394287e-02
5.398210883140563965e-02
4.194609448313713074e-02
3.670386224985122681e-02
4.249821975827217102e-02
4.615281894803047180e-02
4.981268569827079773e-02
3.291906043887138367e-02
5.495177581906318665e-02
4.929858818650245667e-02
5.792802572250366211e-02
4.078092798590660095e-02
4.388744756579399109e-02
4.638293385505676270e-02
5.391753837466239929e-02
4.813296720385551453e-02
4.168073460459709167e-02
3.213500604033470154e-02
3.714932128787040710e-02
4.549545049667358398e-02
4.868229478597640991e-02
4.403528943657875061e-02
4.262466356158256531e-02
5.090321972966194153e-02
4.156403616070747375e-02
4.204295203089714050e-02
3.053166903555393219e-02
3.612630441784858704e-02
4.161358624696731567e-02
4.478260502219200134e-02
5.194102600216865540e-02
4.200112447142601013e-02
4.939145967364311218e-02
4.639854654669761658e-02
3.689356520771980286e-02
4.099234938621520996e-02
3.354761004447937012e-02
5.179935693740844727e-02
4.322856664657592773e-02
3.514942154288291931e-02
4.162612184882164001e-02
4.056642577052116394e-02
3.209636732935905457e-02
6.252171844244003296e-02
4.689557477831840515e-02
5.156470462679862976e-02
4.013314098119735718e-02
4.222230985760688782e-02
5.081564188003540039e-02
3.888389095664024353e-02
4.292779043316841125e-02
3.198568150401115417e-02
4.628288745880126953e-02
3.790147230029106140e-02
4.176953434944152832e-02
5.014386400580406189e-02
3.672331199049949646e-02
5.137186869978904724e-02
5.792163684964179993e-02
5.339046195149421692e-02
3.807063028216362000e-02
5.045600607991218567e-02
4.251941666007041931e-02
3.527135774493217468e-02
3.401715680956840515e-02
3.452688455581665039e-02
2.551478520035743713e-02
5.054415017366409302e-02
4.272070899605751038e-02
3.520003706216812134e-02
4.783078283071517944e-02
4.341636225581169128e-02
4.085616022348403931e-02
4.150268062949180603e-02
5.078656226396560669e-02
4.410913214087486267e-02
4.406554251909255981e-02
4.202807322144508362e-02
4.263428971171379089e-02
4.190002754330635071e-02
4.320690035820007324e-02
4.131127521395683289e-02
4.506529122591018677e-02
3.650918602943420410e-02
3.094244562089443207e-02
5.458876118063926697e-02
4.614701494574546814e-02
5.241403728723526001e-02
4.487012699246406555e-02
4.709383472800254822e-02
3.081042133271694183e-02
5.224579200148582458e-02
4.139311984181404114e-02
4.454173520207405090e-02
4.564256221055984497e-02
3.458211943507194519e-02
4.556436464190483093e-02
5.162042379379272461e-02
5.626152828335762024e-02
5.415042862296104431e-02
5.074924230575561523e-02
6.864960491657257080e-02
5.280360206961631775e-02
7.528605312108993530e-02
5.759213119745254517e-02
7.278449088335037231e-02
5.274006351828575134e-02
4.050631821155548096e-02
4.105274379253387451e-02
4.526191204786300659e-02
4.297032952308654785e-02
4.056469723582267761e-02
3.863586857914924622e-02
4.342325776815414429e-02
4.770393297076225281e-02
4.753943905234336853e-02
3.572804480791091919e-02
2.930231764912605286e-02
5.006172880530357361e-02
5.254506692290306091e-02
3.984968736767768860e-02
4.838547110557556152e-02
6.072793528437614441e-02
5.289590358734130859e-02
4.623282700777053833e-02
3.035098873078823090e-02
4.012829437851905823e-02
5.948526784777641296e-02
4.295596107840538025e-02
4.219671711325645447e-02
4.488895460963249207e-02
3.026198409497737885e-02
4.377896338701248169e-02
3.726036101579666138e-02
4.054708033800125122e-02
4.354296252131462097e-02
5.326506495475769043e-02
4.420093819499015808e-02
4.378691315650939941e-02
4.397989064455032349e-02
3.934734687209129333e-02
5.145499110221862793e-02
3.830706700682640076e-02
3.354913741350173950e-02
2.871562354266643524e-02
3.356976062059402466e-02
4.146718233823776245e-02
2.579635754227638245e-02
4.257755354046821594e-02
4.008681327104568481e-02
4.584282264113426208e-02
4.971009120345115662e-02
4.442398622632026672e-02
3.813716396689414978e-02
4.912192746996879578e-02
4.317485913634300232e-02
3.855724260210990906e-02
4.237321764230728149e-02
4.130358248949050903e-02
4.121300578117370605e-02
3.366521745920181274e-02
2.538637258112430573e-02
2.974621765315532684e-02
3.586556389927864075e-02
4.330509901046752930e-02
3.680403158068656921e-02
5.269135907292366028e-02
4.773063585162162781e-02
3.958023712038993835e-02
3.787136077880859375e-02
3.988507390022277832e-02
4.082772880792617798e-02
6.091621145606040955e-02
5.529123172163963318e-02
5.201469734311103821e-02
3.656610473990440369e-02
4.522193223237991333e-02
4.401701688766479492e-02
5.497813224792480469e-02
5.458995699882507324e-02
5.033577233552932739e-02
5.336374789476394653e-02
5.809495970606803894e-02
5.040928721427917480e-02
5.809294059872627258e-02
5.261586979031562805e-02
6.665877252817153931e-02
5.533516034483909607e-02
4.864227026700973511e-02
4.636645689606666565e-02
4.826761782169342041e-02
4.219511151313781738e-02
4.890540987253189087e-02
5.158752948045730591e-02
6.257837265729904175e-02
4.540987312793731689e-02
4.546922445297241211e-02
4.722904786467552185e-02
4.179691895842552185e-02
3.875457867980003357e-02
3.809657320380210876e-02
3.197135403752326965e-02
4.871075972914695740e-02
4.685197025537490845e-02
3.981274738907814026e-02
5.482343584299087524e-02
3.852655366063117981e-02
4.736651480197906494e-02
5.842760950326919556e-02
4.206950590014457703e-02
4.491876438260078430e-02
5.100162699818611145e-02
5.597008392214775085e-02
4.948281869292259216e-02
4.296470806002616882e-02
5.658667162060737610e-02
4.078672453761100769e-02
4.248132184147834778e-02
5.378644540905952454e-02
4.983797296881675720e-02
4.193567857146263123e-02
4.804622381925582886e-02
3.708948940038681030e-02
5.223668739199638367e-02
6.236435845494270325e-02
5.786008760333061218e-02
4.061047360301017761e-02
4.041980579495429993e-02
4.087322577834129333e-02
4.244384542107582092e-02
4.708309471607208252e-02
4.939877614378929138e-02
6.199244409799575806e-02
6.170815229415893555e-02
5.727226287126541138e-02
5.337084457278251648e-02
5.262917280197143555e-02
4.822630435228347778e-02
5.979740619659423828e-02
3.997706621885299683e-02
3.901180624961853027e-02
5.443624407052993774e-02
5.239298567175865173e-02
4.634953290224075317e-02
5.243534594774246216e-02
4.104651138186454773e-02
5.117953941226005554e-02
6.377309560775756836e-02
4.522915184497833252e-02
5.160909891128540039e-02
5.706439539790153503e-02
4.684852808713912964e-02
5.449761077761650085e-02
4.239292070269584656e-02
4.271283000707626343e-02
5.153416469693183899e-02
3.793128579854965210e-02
4.872186481952667236e-02
4.493749141693115234e-02
5.539825186133384705e-02
4.460318386554718018e-02
4.751722887158393860e-02
5.094892531633377075e-02
3.932403400540351868e-02
4.716480895876884460e-02
4.158360511064529419e-02
3.684974089264869690e-02
4.873328283429145813e-02
6.010400131344795227e-02
4.514146596193313599e-02
5.885775014758110046e-02
5.354982241988182068e-02
4.832670092582702637e-02
6.246075779199600220e-02
4.977103695273399353e-02
3.989296033978462219e-02
5.275323614478111267e-02
5.633514001965522766e-02
4.373280704021453857e-02
3.746118769049644470e-02
5.938123539090156555e-02
4.469843208789825439e-02
4.856754466891288757e-02
6.017242744565010071e-02
4.872540012001991272e-02
6.300138682126998901e-02
4.608351364731788635e-02
4.051863774657249451e-02
3.751413896679878235e-02
3.127494454383850098e-02
3.703434765338897705e-02
3.137695416808128357e-02
4.426427558064460754e-02
4.503238201141357422e-02
5.173177644610404968e-02
3.301759064197540283e-02
3.899095579981803894e-02
3.179743513464927673e-02
5.763439089059829712e-02
4.322284832596778870e-02
4.655436426401138306e-02
5.653233453631401062e-02
5.111172795295715332e-02
6.344719976186752319e-02
5.886627361178398132e-02
6.407411396503448486e-02
5.411266908049583435e-02
4.591519385576248169e-02
4.358804970979690552e-02
3.605825826525688171e-02
5.244064331054687500e-02
5.311933904886245728e-02
4.416027665138244629e-02
4.020521417260169983e-02
4.343151673674583435e-02
3.859781473875045776e-02
3.678442165255546570e-02
4.606690630316734314e-02
3.422848507761955261e-02
3.586040064692497253e-02
3.568577393889427185e-02
3.270266950130462646e-02
4.165556654334068298e-02
4.298802092671394348e-02
4.935650154948234558e-02
4.488702490925788879e-02
4.273244366049766541e-02
3.762447834014892578e-02
4.016580060124397278e-02
4.644741117954254150e-02
2.841087616980075836e-02
4.288197681307792664e-02
3.849475458264350891e-02
2.891904115676879883e-02
5.879917368292808533e-02
4.601022228598594666e-02
5.263732746243476868e-02
4.784291610121726990e-02
3.395271301269531250e-02
2.796899154782295227e-02
3.807002305984497070e-02
3.960727527737617493e-02
4.063635319471359253e-02
5.617896839976310730e-02
5.018960312008857727e-02
4.453832656145095825e-02
4.079313203692436218e-02
5.158753320574760437e-02
4.640089347958564758e-02
4.717784002423286438e-02
5.606399849057197571e-02
5.319845303893089294e-02
4.033389687538146973e-02
4.936810955405235291e-02
4.340206086635589600e-02
4.010890051722526550e-02
4.610442742705345154e-02
3.503957018256187439e-02
5.357291921973228455e-02
4.890723153948783875e-02
4.636602476239204407e-02
3.841425105929374695e-02
4.061889275908470154e-02
4.273356869816780090e-02
3.817840293049812317e-02
3.890308365225791931e-02
4.663527756929397583e-02
4.440318793058395386e-02
4.060701280832290649e-02
4.674592986702919006e-02
4.751807823777198792e-02
4.954848438501358032e-02
3.927344083786010742e-02
4.533625766634941101e-02
5.282201990485191345e-02
3.244782239198684692e-02
4.504754394292831421e-02
4.002487286925315857e-02
3.832988813519477844e-02
4.783042520284652710e-02
4.646302387118339539e-02
5.575603991746902466e-02
4.653559252619743347e-02
4.964588209986686707e-02
4.138640686869621277e-02
4.246637225151062012e-02
4.367232695221900940e-02
3.933626413345336914e-02
3.583381697535514832e-02
4.601408168673515320e-02
4.235025122761726379e-02
3.673423454165458679e-02
3.351964429020881653e-02
3.512247651815414429e-02
4.843905195593833923e-02
4.553965851664543152e-02
4.698417708277702332e-02
4.472674801945686340e-02
3.549057245254516602e-02
2.709818258881568909e-02
5.875822901725769043e-02
5.484838038682937622e-02
5.321694537997245789e-02
4.915442690253257751e-02
3.584330901503562927e-02
4.795111343264579773e-02
4.519717022776603699e-02
3.512905910611152649e-02
3.154947981238365173e-02
3.724381327629089355e-02
4.068724066019058228e-02
3.302519395947456360e-02
5.342972278594970703e-02
5.984057113528251648e-02
3.430154547095298767e-02
5.306609347462654114e-02
5.938835069537162781e-02
6.935627758502960205e-02
5.151578411459922791e-02
4.118865728378295898e-02
5.904805660247802734e-02
4.513724148273468018e-02
4.435525834560394287e-02
3.594026714563369751e-02
4.746396094560623169e-02
5.167298391461372375e-02
3.974374756217002869e-02
3.404941782355308533e-02
3.752561286091804504e-02
3.658095002174377441e-02
3.015004098415374756e-02
3.286729753017425537e-02
5.022371560335159302e-02
4.334846138954162598e-02
4.949588328599929810e-02
4.652050882577896118e-02
5.988234281539916992e-02
5.388542637228965759e-02
5.356646329164505005e-02
5.763668939471244812e-02
5.596427246928215027e-02
4.763954505324363708e-02
5.052515864372253418e-02
4.046650975942611694e-02
5.726564675569534302e-02
5.061166360974311829e-02
3.985419496893882751e-02
5.589111521840095520e-02
6.031301245093345642e-02
4.454833641648292542e-02
4.513330385088920593e-02
4.217340424656867981e-02
4.282655194401741028e-02
3.372112661600112915e-02
4.479404538869857788e-02
6.057747080922126770e-02
4.641412943601608276e-02
4.230678081512451172e-02
3.866937756538391113e-02
4.393350705504417419e-02
4.766272380948066711e-02
4.760817810893058777e-02
5.272914841771125793e-02
4.367278888821601868e-02
5.595673248171806335e-02
4.004902392625808716e-02
6.479752063751220703e-02
6.419907510280609131e-02
5.475322529673576355e-02
4.901233315467834473e-02
4.480085894465446472e-02
5.515414103865623474e-02
5.575270578265190125e-02
4.923618957400321960e-02
5.737600848078727722e-02
2.840461209416389465e-02
3.184291347861289978e-02
3.304716944694519043e-02
2.935834601521492004e-02
4.028639569878578186e-02
3.738103434443473816e-02
5.333784222602844238e-02
4.082810133695602417e-02
4.002388194203376770e-02
3.922444209456443787e-02
3.782483562827110291e-02
3.233966231346130371e-02
4.500601068139076233e-02
5.591050907969474792e-02
4.392182826995849609e-02
5.275982618331909180e-02
4.973185062408447266e-02
4.680680483579635620e-02
5.547634512186050415e-02
4.081268236041069031e-02
3.988553956151008606e-02
4.234812408685684204e-02
4.296243935823440552e-02
3.237775713205337524e-02
5.129354074597358704e-02
4.240846261382102966e-02
4.166858270764350891e-02
6.009019538760185242e-02
5.191646143794059753e-02
5.401874706149101257e-02
4.850072786211967468e-02
5.418515205383300781e-02
4.979417473077774048e-02
6.007717177271842957e-02
5.078336223959922791e-02
4.906493425369262695e-02
3.529511019587516785e-02
3.355766460299491882e-02
2.777289785444736481e-02
4.971071705222129822e-02
4.552680999040603638e-02
4.934202507138252258e-02
5.893526598811149597e-02
6.544393301010131836e-02
5.421993881464004517e-02
5.224394798278808594e-02
4.654307290911674500e-02
4.212247952818870544e-02
4.838990047574043274e-02
5.227402597665786743e-02
5.897755548357963562e-02
5.781004950404167175e-02
4.676449298858642578e-02
4.968477040529251099e-02
4.640168696641921997e-02
4.039835929870605469e-02
