value_loss
8.656068801879882812e+00
1.856034755706787109e+00
1.426001310348510742e+00
1.343964695930480957e+00
7.393473386764526367e-01
9.631109237670898438e-01
1.190444707870483398e+00
8.752866983413696289e-01
1.060570359230041504e+00
1.158460855484008789e+00
1.667967915534973145e+00
1.342284202575683594e+00
8.565207123756408691e-01
1.107174754142761230e+00
6.956225037574768066e-01
7.401610612869262695e-01
8.529187440872192383e-01
1.016664505004882812e+00
7.320618629455566406e-01
1.369628906250000000e+00
5.712026953697204590e-01
9.027363061904907227e-01
9.831817150115966797e-01
1.346972346305847168e+00
6.355687379837036133e-01
5.931852459907531738e-01
1.223715186119079590e+00
7.269260883331298828e-01
6.040775179862976074e-01
6.965049505233764648e-01
7.045457363128662109e-01
4.964629113674163818e-01
7.372573614120483398e-01
7.730062007904052734e-01
9.188516139984130859e-01
6.443177461624145508e-01
1.220171451568603516e+00
6.471201777458190918e-01
9.991012215614318848e-01
5.227100253105163574e-01
3.661609888076782227e-01
5.212907195091247559e-01
5.767064690589904785e-01
5.986971855163574219e-01
5.135089159011840820e-01
1.208419561386108398e+00
7.207480669021606445e-01
6.991865634918212891e-01
7.698151469230651855e-01
4.824357330799102783e-01
6.561260819435119629e-01
1.064149856567382812e+00
8.459885716438293457e-01
9.846988916397094727e-01
5.637450814247131348e-01
6.349076032638549805e-01
6.970753669738769531e-01
9.335470199584960938e-01
6.645914316177368164e-01
5.509285330772399902e-01
9.065706133842468262e-01
4.762821495532989502e-01
5.347588062286376953e-01
8.785204291343688965e-01
6.491651535034179688e-01
7.891284227371215820e-01
9.660009741783142090e-01
8.940540552139282227e-01
6.921178102493286133e-01
5.898483991622924805e-01
7.786859273910522461e-01
9.036998152732849121e-01
6.911798715591430664e-01
6.203113794326782227e-01
5.855383872985839844e-01
7.507667541503906250e-01
7.263221740722656250e-01
5.562788844108581543e-01
8.224601149559020996e-01
5.723481178283691406e-01
1.083167552947998047e+00
9.680482149124145508e-01
5.986335277557373047e-01
7.320530414581298828e-01
5.557889938354492188e-01
7.638902664184570312e-01
9.263188242912292480e-01
1.322659373283386230e+00
1.118800163269042969e+00
1.096746802330017090e+00
6.496241092681884766e-01
9.121573567390441895e-01
5.272275209426879883e-01
1.037704944610595703e+00
8.951314687728881836e-01
5.720987319946289062e-01
5.159897804260253906e-01
6.366190910339355469e-01
5.850300788879394531e-01
1.411157846450805664e+00
8.511176109313964844e-01
9.434608221054077148e-01
1.245295763015747070e+00
9.329113960266113281e-01
8.076705932617187500e-01
7.261396646499633789e-01
5.307396054267883301e-01
8.326497077941894531e-01
1.224260330200195312e+00
1.055937767028808594e+00
8.168479800224304199e-01
4.294185936450958252e-01
3.757917881011962891e-01
4.187117218971252441e-01
4.528608620166778564e-01
7.723450660705566406e-01
4.212954938411712646e-01
4.404943585395812988e-01
4.392411410808563232e-01
5.394207239151000977e-01
9.436466693878173828e-01
7.554540634155273438e-01
8.380180001258850098e-01
8.755192756652832031e-01
8.917661905288696289e-01
1.144307613372802734e+00
6.367543935775756836e-01
4.872394204139709473e-01
5.351797342300415039e-01
8.323282003402709961e-01
6.177138686180114746e-01
9.116271734237670898e-01
3.723782896995544434e-01
5.939096212387084961e-01
4.043152928352355957e-01
4.757142066955566406e-01
7.183023691177368164e-01
4.874302148818969727e-01
7.696311473846435547e-01
7.966857552528381348e-01
4.703526496887207031e-01
4.516919851303100586e-01
9.221861362457275391e-01
7.137616872787475586e-01
6.305049657821655273e-01
6.325662732124328613e-01
5.668397545814514160e-01
4.127499759197235107e-01
4.178160429000854492e-01
3.124133944511413574e-01
7.065269947052001953e-01
4.251762032508850098e-01
6.453610658645629883e-01
1.128746986389160156e+00
6.276895999908447266e-01
7.548514604568481445e-01
6.310503482818603516e-01
6.128883361816406250e-01
4.269523620605468750e-01
4.758373200893402100e-01
7.507520914077758789e-01
6.825262904167175293e-01
6.063078641891479492e-01
4.505599141120910645e-01
5.466917753219604492e-01
6.450346708297729492e-01
6.468785405158996582e-01
5.273134112358093262e-01
6.415089368820190430e-01
6.073982715606689453e-01
6.761159896850585938e-01
7.335018515586853027e-01
6.291670799255371094e-01
5.287991762161254883e-01
4.130027890205383301e-01
3.671586513519287109e-01
4.955802559852600098e-01
5.359646081924438477e-01
7.139268517494201660e-01
6.264454126358032227e-01
5.031411647796630859e-01
6.398890018463134766e-01
2.952368557453155518e-01
1.011824607849121094e+00
1.226292252540588379e+00
7.076331377029418945e-01
8.075603246688842773e-01
4.673327207565307617e-01
5.222691893577575684e-01
4.396775960922241211e-01
4.771883189678192139e-01
6.033961772918701172e-01
5.337203741073608398e-01
3.583970665931701660e-01
5.277754664421081543e-01
4.565649032592773438e-01
4.564837217330932617e-01
3.689730763435363770e-01
5.371292829513549805e-01
7.057038545608520508e-01
7.042927742004394531e-01
6.174633502960205078e-01
5.761185288429260254e-01
6.412867307662963867e-01
6.694945096969604492e-01
4.400333464145660400e-01
3.219387829303741455e-01
7.020153403282165527e-01
7.029978036880493164e-01
5.618870258331298828e-01
4.981040358543395996e-01
4.211261272430419922e-01
5.012559890747070312e-01
4.571564197540283203e-01
4.425109624862670898e-01
4.986491203308105469e-01
8.617004156112670898e-01
6.500490307807922363e-01
5.599132776260375977e-01
8.706271052360534668e-01
6.246962547302246094e-01
6.310470700263977051e-01
7.713831663131713867e-01
3.733230233192443848e-01
5.950498580932617188e-01
6.371023058891296387e-01
4.559157788753509521e-01
4.168745875358581543e-01
5.105670094490051270e-01
5.478324890136718750e-01
6.079972982406616211e-01
7.522475719451904297e-01
3.751063048839569092e-01
3.842738866806030273e-01
3.662845790386199951e-01
2.996519804000854492e-01
3.064670562744140625e-01
4.546385407447814941e-01
5.233203172683715820e-01
4.158602654933929443e-01
4.443876445293426514e-01
5.832202434539794922e-01
3.872295022010803223e-01
5.133854150772094727e-01
3.948361873626708984e-01
5.089614391326904297e-01
2.824398875236511230e-01
4.083032310009002686e-01
6.514245867729187012e-01
3.479318618774414062e-01
2.748118937015533447e-01
6.058440208435058594e-01
3.537337481975555420e-01
4.553298652172088623e-01
5.810291767120361328e-01
5.585093498229980469e-01
5.785645246505737305e-01
5.125713348388671875e-01
7.590064406394958496e-01
6.523562669754028320e-01
2.553614974021911621e-01
6.094727516174316406e-01
5.152026414871215820e-01
5.658661127090454102e-01
3.616865873336791992e-01
5.040882825851440430e-01
4.024381041526794434e-01
4.819588959217071533e-01
3.285606205463409424e-01
3.809845149517059326e-01
9.262310266494750977e-01
1.069848537445068359e+00
8.679914474487304688e-01
4.905484318733215332e-01
4.670445024967193604e-01
5.813138484954833984e-01
6.189768314361572266e-01
8.934197425842285156e-01
9.075890779495239258e-01
3.305811882019042969e-01
3.056702017784118652e-01
6.747978329658508301e-01
5.276868343353271484e-01
5.865594744682312012e-01
5.416775345802307129e-01
4.932523369789123535e-01
3.080807328224182129e-01
4.682171940803527832e-01
4.844168722629547119e-01
4.229025244712829590e-01
5.416694879531860352e-01
2.958452403545379639e-01
3.930116891860961914e-01
2.701066732406616211e-01
3.681265115737915039e-01
5.571549534797668457e-01
4.583228826522827148e-01
3.298002481460571289e-01
5.131801366806030273e-01
3.808668255805969238e-01
3.549083173274993896e-01
5.656270384788513184e-01
6.137859821319580078e-01
6.152372956275939941e-01
5.195987224578857422e-01
4.633651673793792725e-01
5.373150110244750977e-01
6.846835613250732422e-01
5.691748857498168945e-01
3.588256537914276123e-01
4.731513559818267822e-01
2.978094518184661865e-01
6.427708864212036133e-01
4.483519196510314941e-01
6.371382474899291992e-01
5.452172160148620605e-01
3.811793029308319092e-01
3.716519474983215332e-01
5.088261365890502930e-01
6.900439262390136719e-01
3.682051301002502441e-01
4.862106442451477051e-01
4.777969717979431152e-01
4.784012436866760254e-01
5.451322793960571289e-01
4.237962961196899414e-01
4.472847580909729004e-01
4.521901607513427734e-01
3.800874352455139160e-01
3.760219812393188477e-01
6.663078069686889648e-01
3.763121664524078369e-01
4.235418438911437988e-01
5.282288193702697754e-01
4.280195832252502441e-01
3.445973396301269531e-01
7.037416100502014160e-01
6.538408994674682617e-01
4.667732417583465576e-01
4.351494014263153076e-01
4.132281541824340820e-01
4.419058859348297119e-01
3.656511604785919189e-01
3.413089215755462646e-01
4.055167436599731445e-01
3.602828085422515869e-01
3.828918039798736572e-01
3.851760625839233398e-01
4.465489983558654785e-01
2.443037331104278564e-01
3.228237330913543701e-01
4.022288322448730469e-01
4.779152274131774902e-01
3.358621895313262939e-01
3.056997656822204590e-01
2.677230238914489746e-01
2.191289365291595459e-01
7.875930666923522949e-01
7.341867685317993164e-01
5.463377237319946289e-01
8.306244015693664551e-01
6.474266648292541504e-01
4.774853885173797607e-01
8.150938749313354492e-01
5.201610326766967773e-01
8.253751993179321289e-01
9.074586033821105957e-01
8.528505563735961914e-01
6.639283895492553711e-01
7.062089443206787109e-01
8.326138257980346680e-01
4.839043021202087402e-01
5.282064080238342285e-01
4.505005478858947754e-01
5.319777727127075195e-01
4.343358874320983887e-01
3.519053757190704346e-01
4.201891720294952393e-01
5.087742209434509277e-01
4.814763665199279785e-01
5.383821725845336914e-01
3.922762274742126465e-01
4.932650029659271240e-01
4.661595225334167480e-01
4.349919557571411133e-01
2.625821232795715332e-01
2.922038733959197998e-01
3.418681025505065918e-01
6.456201672554016113e-01
4.206428825855255127e-01
5.062858462333679199e-01
5.197193622589111328e-01
4.463104903697967529e-01
6.091511249542236328e-01
4.682860374450683594e-01
3.169168829917907715e-01
5.939116477966308594e-01
3.620395362377166748e-01
4.069260060787200928e-01
8.926935791969299316e-01
3.447471559047698975e-01
4.779493212699890137e-01
7.415361404418945312e-01
7.628409266471862793e-01
7.579646110534667969e-01
2.949184179306030273e-01
3.716331720352172852e-01
3.563420474529266357e-01
5.634279251098632812e-01
4.229382276535034180e-01
4.621069431304931641e-01
6.004585027694702148e-01
6.615442633628845215e-01
5.840560793876647949e-01
6.669769287109375000e-01
4.962725639343261719e-01
3.431673049926757812e-01
5.938915610313415527e-01
5.667312145233154297e-01
3.290587365627288818e-01
3.970113098621368408e-01
3.467885255813598633e-01
3.154579997062683105e-01
6.410967707633972168e-01
4.553081989288330078e-01
5.043193697929382324e-01
4.061066508293151855e-01
3.632615208625793457e-01
3.316571712493896484e-01
4.680821895599365234e-01
7.310408353805541992e-01
6.254896521568298340e-01
4.910492897033691406e-01
4.336667656898498535e-01
4.877824187278747559e-01
3.288149237632751465e-01
4.422754645347595215e-01
5.595048666000366211e-01
3.738783299922943115e-01
5.099239945411682129e-01
5.666654109954833984e-01
5.185408592224121094e-01
4.954451024532318115e-01
3.667157888412475586e-01
3.197598457336425781e-01
2.860830426216125488e-01
4.841512143611907959e-01
5.852441191673278809e-01
4.089125990867614746e-01
5.899255871772766113e-01
1.306928873062133789e+00
1.186267375946044922e+00
1.046493768692016602e+00
7.320035696029663086e-01
9.609532356262207031e-01
7.935206890106201172e-01
8.786821365356445312e-01
7.161660194396972656e-01
7.408320903778076172e-01
1.192326545715332031e+00
1.005324840545654297e+00
8.315886259078979492e-01
5.124066472053527832e-01
8.024252653121948242e-01
4.592420756816864014e-01
4.425828754901885986e-01
4.572576880455017090e-01
5.421004891395568848e-01
5.137310624122619629e-01
6.605248451232910156e-01
5.059704780578613281e-01
4.129824638366699219e-01
5.003519654273986816e-01
4.293516576290130615e-01
1.120267868041992188e+00
6.366769075393676758e-01
6.471977233886718750e-01
1.527484416961669922e+00
8.489835262298583984e-01
1.550457954406738281e+00
7.662025690078735352e-01
7.751628160476684570e-01
6.178357005119323730e-01
1.318755149841308594e+00
1.452137112617492676e+00
1.368659019470214844e+00
7.110075354576110840e-01
4.561854302883148193e-01
5.498936176300048828e-01
8.302782177925109863e-01
6.722043752670288086e-01
6.111292839050292969e-01
5.084384679794311523e-01
5.420767068862915039e-01
5.352956056594848633e-01
7.021535634994506836e-01
6.188866496086120605e-01
4.713866412639617920e-01
5.472319126129150391e-01
8.871513605117797852e-01
6.141390204429626465e-01
6.631550788879394531e-01
6.424530148506164551e-01
7.224448323249816895e-01
5.242456197738647461e-01
6.115911006927490234e-01
4.985224008560180664e-01
7.023168802261352539e-01
5.129349231719970703e-01
4.014495611190795898e-01
7.308578491210937500e-01
3.204198181629180908e-01
5.175321102142333984e-01
6.620240807533264160e-01
7.075880169868469238e-01
5.581865310668945312e-01
3.607003092765808105e-01
4.013084769248962402e-01
2.982919514179229736e-01
6.123511195182800293e-01
6.724642515182495117e-01
7.185660600662231445e-01
8.556818366050720215e-01
5.695371031761169434e-01
3.686961531639099121e-01
3.284152746200561523e-01
4.921826124191284180e-01
3.865569531917572021e-01
5.980919599533081055e-01
3.848517537117004395e-01
4.250260591506958008e-01
6.139313578605651855e-01
4.763666391372680664e-01
6.315150260925292969e-01
3.357060849666595459e-01
2.092194110155105591e-01
4.386594891548156738e-01
7.692682147026062012e-01
7.212462425231933594e-01
9.961815476417541504e-01
8.078994750976562500e-01
8.144481182098388672e-01
5.731299519538879395e-01
7.544194459915161133e-01
7.411574721336364746e-01
6.043080091476440430e-01
9.887321591377258301e-01
8.889198303222656250e-01
3.162539601325988770e-01
3.050606250762939453e-01
3.789631724357604980e-01
4.721747040748596191e-01
2.530011534690856934e-01
3.559557199478149414e-01
3.634732663631439209e-01
6.317881941795349121e-01
7.656119465827941895e-01
5.250397920608520508e-01
3.314494490623474121e-01
2.788314819335937500e-01
3.655416667461395264e-01
3.294516801834106445e-01
3.834882080554962158e-01
3.751361370086669922e-01
8.737843036651611328e-01
1.075264692306518555e+00
8.390063047409057617e-01
1.631026983261108398e+00
1.049675703048706055e+00
6.783239841461181641e-01
1.001899123191833496e+00
4.201951622962951660e-01
4.914886951446533203e-01
9.904124140739440918e-01
8.021411299705505371e-01
7.261574268341064453e-01
4.418877661228179932e-01
4.360960125923156738e-01
3.780651688575744629e-01
5.682767033576965332e-01
5.565001964569091797e-01
5.439436435699462891e-01
3.203839063644409180e-01
3.396629989147186279e-01
3.257587254047393799e-01
8.225599527359008789e-01
6.651804447174072266e-01
7.241043448448181152e-01
6.811889410018920898e-01
4.699723720550537109e-01
4.273826181888580322e-01
5.530765056610107422e-01
4.540197253227233887e-01
4.559093117713928223e-01
4.493288993835449219e-01
3.775950372219085693e-01
4.140817523002624512e-01
3.721756935119628906e-01
2.647298872470855713e-01
3.193819522857666016e-01
5.795940160751342773e-01
3.777367770671844482e-01
3.656537830829620361e-01
8.151184320449829102e-01
4.460559487342834473e-01
6.444151401519775391e-01
7.242363691329956055e-01
4.521737396717071533e-01
4.893007874488830566e-01
3.409821987152099609e-01
5.391456484794616699e-01
5.024967789649963379e-01
5.278409719467163086e-01
3.567720055580139160e-01
3.534027338027954102e-01
2.814383804798126221e-01
3.006143569946289062e-01
3.828885555267333984e-01
3.988444209098815918e-01
4.021068811416625977e-01
3.366229534149169922e-01
4.174133539199829102e-01
3.415887653827667236e-01
4.085380434989929199e-01
4.792664349079132080e-01
3.961395621299743652e-01
3.519017100334167480e-01
2.108718156814575195e-01
3.078658580780029297e-01
3.358508348464965820e-01
5.419462323188781738e-01
3.362442255020141602e-01
4.512664079666137695e-01
4.149655699729919434e-01
2.997271716594696045e-01
4.482738673686981201e-01
5.098974108695983887e-01
3.349066674709320068e-01
4.630264043807983398e-01
7.329033017158508301e-01
5.822194814682006836e-01
4.872659742832183838e-01
4.167749583721160889e-01
3.467497229576110840e-01
5.353869795799255371e-01
3.753466606140136719e-01
5.583004951477050781e-01
4.666770994663238525e-01
5.787749886512756348e-01
3.860677480697631836e-01
4.529177546501159668e-01
4.660184383392333984e-01
6.936952471733093262e-01
5.368613004684448242e-01
6.462862491607666016e-01
3.881250321865081787e-01
4.098316431045532227e-01
5.625017285346984863e-01
3.772272169589996338e-01
4.243251681327819824e-01
6.162577271461486816e-01
3.739776611328125000e-01
5.018327236175537109e-01
6.555882692337036133e-01
8.509379625320434570e-01
6.498293876647949219e-01
3.016915619373321533e-01
5.298536419868469238e-01
2.763295471668243408e-01
5.153043270111083984e-01
6.672041416168212891e-01
6.586848497390747070e-01
6.751059889793395996e-01
5.894914865493774414e-01
5.638921260833740234e-01
2.847333550453186035e-01
4.799381494522094727e-01
3.920419216156005859e-01
6.619772911071777344e-01
3.100889027118682861e-01
5.170426964759826660e-01
5.108687281608581543e-01
2.923516333103179932e-01
4.191882908344268799e-01
3.455408811569213867e-01
3.786705732345581055e-01
4.422019720077514648e-01
7.559692263603210449e-01
5.398405194282531738e-01
6.570242643356323242e-01
2.764295339584350586e-01
3.172295689582824707e-01
4.322692751884460449e-01
8.751893639564514160e-01
6.021966338157653809e-01
6.761391758918762207e-01
5.059185624122619629e-01
3.969395756721496582e-01
5.286298990249633789e-01
3.641618192195892334e-01
3.863130509853363037e-01
3.504703640937805176e-01
4.481594264507293701e-01
3.105614781379699707e-01
4.099562764167785645e-01
1.020220398902893066e+00
3.849953413009643555e-01
6.020486950874328613e-01
1.141502857208251953e+00
8.066359162330627441e-01
4.911136329174041748e-01
3.118094205856323242e-01
3.942196369171142578e-01
6.196907758712768555e-01
6.526263952255249023e-01
7.621089816093444824e-01
4.560046494007110596e-01
6.453496217727661133e-01
4.200291633605957031e-01
3.870732784271240234e-01
4.863107800483703613e-01
5.553829669952392578e-01
3.520738184452056885e-01
6.968721151351928711e-01
6.139017939567565918e-01
6.708619594573974609e-01
4.786443114280700684e-01
2.885523736476898193e-01
3.323217928409576416e-01
7.440485358238220215e-01
8.632543683052062988e-01
5.936183929443359375e-01
6.579924821853637695e-01
4.954676032066345215e-01
5.291528701782226562e-01
3.657460212707519531e-01
5.289383530616760254e-01
3.924222290515899658e-01
4.100018441677093506e-01
5.215748548507690430e-01
5.428500771522521973e-01
4.683783054351806641e-01
5.115329623222351074e-01
4.784223437309265137e-01
3.672554790973663330e-01
5.083386898040771484e-01
4.349769949913024902e-01
3.243791460990905762e-01
3.264182209968566895e-01
3.556911349296569824e-01
6.993094086647033691e-01
5.586971640586853027e-01
4.650959968566894531e-01
2.824087142944335938e-01
3.681426346302032471e-01
3.925151824951171875e-01
4.522491693496704102e-01
5.776115059852600098e-01
3.905119895935058594e-01
3.699083328247070312e-01
4.667712152004241943e-01
4.529762268066406250e-01
7.910641431808471680e-01
4.951338171958923340e-01
4.815482497215270996e-01
6.053334474563598633e-01
5.618997812271118164e-01
4.905114173889160156e-01
4.240621030330657959e-01
4.223639965057373047e-01
3.760498464107513428e-01
3.493748307228088379e-01
2.596157789230346680e-01
4.600574672222137451e-01
2.732563316822052002e-01
3.516566753387451172e-01
3.172100782394409180e-01
6.410725712776184082e-01
3.535557985305786133e-01
1.925416886806488037e-01
4.922066628932952881e-01
3.137165307998657227e-01
3.678294420242309570e-01
3.451995849609375000e-01
3.503652513027191162e-01
3.852282464504241943e-01
3.607115149497985840e-01
4.839373528957366943e-01
4.365521967411041260e-01
3.834822773933410645e-01
4.272924363613128662e-01
3.169369995594024658e-01
7.482281923294067383e-01
4.308760166168212891e-01
4.705119729042053223e-01
9.803577661514282227e-01
9.365575909614562988e-01
7.950856685638427734e-01
5.508561134338378906e-01
5.251861214637756348e-01
